time (secs)	Normal N	Axial N	Pitch Nm	Normal V	Axial V	Pitch V
0.000000	-0.472072	0.041091	0.086603	-0.000578	3.703578E-5	0.003548
0.000100	0.702542	-0.470414	-0.023618	0.000872	-0.000446	-0.000641
0.000200	4.683871	0.271805	-0.148175	0.005705	0.000198	-0.004507
0.000300	-4.072189	-1.230081	0.052801	-0.004928	-0.001091	0.000809
0.000400	-0.040248	1.423151	0.002916	-9.455420E-5	0.001326	-0.000157
0.000500	6.284635	0.829431	-0.016327	0.007638	0.000681	0.001776
0.000600	1.510291	0.073548	0.097270	0.001839	3.703578E-5	0.004837
0.000700	3.358545	0.084750	-0.080396	0.004094	3.703578E-5	-0.002090
0.000800	1.750445	-0.802072	-0.046354	0.002161	-0.000768	-0.001124
0.000900	-1.516984	0.530726	-0.038668	-0.001867	0.000520	-0.002413
0.001000	-3.128887	-0.522018	0.065308	-0.003800	-0.000446	0.001615
0.001100	-1.546003	-0.654181	0.220361	-0.001867	-0.000607	0.009025
0.001200	1.395609	0.757214	0.034441	0.001678	0.000681	0.001937
0.001300	-0.815151	2.101546	-0.008942	-0.001061	0.001970	-0.001124
0.001400	-0.995888	0.208243	0.110983	-0.001222	0.000198	0.004353
0.001500	-0.061352	0.573114	0.151822	-9.455420E-5	0.000520	0.006448
0.001600	-2.628301	3.463492	0.059111	-0.003317	0.003259	0.000809
0.001700	-1.697413	3.663954	0.184754	-0.002189	0.003420	0.006609
0.001800	-0.387671	-1.711116	-0.148500	-0.000417	-0.001574	-0.006279
0.001900	-0.638990	3.821361	-0.133289	-0.000900	0.003581	-0.006762
0.002000	2.602373	1.461257	-0.033670	0.003127	0.001326	-0.000641
0.002100	-3.775301	-0.006069	0.136982	-0.004605	3.703578E-5	0.004353
0.002200	-0.597530	0.361893	-0.141218	-0.000739	0.000359	-0.006440
0.002300	2.811498	-0.618940	-0.111589	0.003450	-0.000607	-0.003540
0.002400	2.113893	-2.019678	-0.170352	0.002644	-0.001896	-0.006118
0.002500	2.114898	3.013663	6.556050E-5	0.002483	0.002776	0.000326
0.002600	-1.251589	0.545620	0.066604	-0.001544	0.000520	0.002259
0.002700	3.476488	-0.438290	-0.139549	0.004255	-0.000446	-0.004507
0.002800	-0.011475	2.476939	0.155855	-9.455420E-5	0.002292	0.006287
0.002900	2.990133	6.148591	0.075757	0.003450	0.005675	0.003387
0.003000	0.606939	0.914768	0.005597	0.000711	0.000843	0.000326
0.003100	1.851050	-2.009605	-0.030251	0.002322	-0.001896	-0.000157
0.003200	1.571655	-2.547611	-0.174815	0.002000	-0.002379	-0.006440
0.003300	-2.199932	-0.340470	0.005062	-0.002672	-0.000285	-0.000641
0.003400	5.476499	0.281686	-0.174393	0.006672	0.000198	-0.005312
0.003500	0.469066	0.727970	-0.109087	0.000550	0.000681	-0.004668
0.003600	-4.171595	-0.010820	0.151950	-0.005089	3.703578E-5	0.004837
0.003700	2.064905	1.108703	-0.015121	0.002483	0.001004	3.826611E-6
0.003800	1.488699	-0.652557	-0.236430	0.001839	-0.000607	-0.009501
0.003900	6.725534	2.557710	-0.098604	0.008121	0.002292	-0.001929
0.004000	-5.625333	-0.034672	0.143631	-0.006861	3.703578E-5	0.003870
0.004100	1.386432	0.538710	-0.412397	0.001678	0.000520	-0.017395
0.004200	-1.029561	-1.150907	0.358154	-0.001222	-0.001091	0.015308
0.004300	-2.701731	0.556949	0.404038	-0.003317	0.000520	0.016275
0.004400	3.672256	1.859488	0.314473	0.004416	0.001648	0.014825
0.004500	1.602244	3.547462	0.226615	0.001839	0.003259	0.009831
0.004600	6.535721	0.318189	0.019911	0.007960	0.000198	0.003548
0.004700	0.096233	1.596331	-0.016240	6.654401E-5	0.001487	-0.000963
0.004800	0.311133	-0.298652	0.025515	0.000389	-0.000285	0.001293
0.004900	-3.739694	-3.651508	0.001944	-0.004444	-0.003346	-0.000802
0.005000	1.050946	-2.221345	-0.287288	0.001355	-0.002057	-0.011595
0.005100	2.790394	3.554528	0.111072	0.003289	0.003259	0.005320
0.005200	1.315606	-2.213638	-0.252654	0.001678	-0.002057	-0.009984
0.005300	-1.373103	-4.118496	0.144240	-0.001544	-0.003829	0.006448
0.005400	-0.178663	1.231056	-0.163817	-0.000256	0.001165	-0.007407
0.005500	2.460621	-3.915725	-0.159612	0.003127	-0.003668	-0.005151
0.005600	2.595927	1.140762	0.217730	0.003127	0.001004	0.010314
0.005700	-4.126990	-3.310797	0.010886	-0.004928	-0.003024	-0.000641
0.005800	-4.866596	-1.257363	-0.091998	-0.005894	-0.001091	-0.005796
0.005900	7.976053	-0.046546	-0.389570	0.009732	-0.000124	-0.013528
0.006000	4.479632	2.528517	-0.036091	0.005383	0.002292	-0.000157
0.006100	2.116560	3.029929	0.159930	0.002483	0.002776	0.007253
0.006200	-0.070853	0.222734	0.109517	-9.455420E-5	0.000198	0.004676
0.006300	-2.520747	-2.442134	-0.201610	-0.002994	-0.002218	-0.009340
0.006400	3.245178	0.781278	-0.016822	0.003933	0.000681	0.000487
0.006500	0.103129	1.792516	0.211249	6.654401E-5	0.001648	0.008864
0.006600	-4.645961	2.055996	0.139468	-0.005733	0.001970	0.003709
0.006700	-0.617126	-0.473390	0.152680	-0.000739	-0.000446	0.006448
0.006800	-0.560494	1.753956	-0.064943	-0.000739	0.001648	-0.003379
0.006900	-2.736124	-0.680540	0.146297	-0.003317	-0.000607	0.005320
0.007000	-2.320157	0.160251	-0.155134	-0.002833	0.000198	-0.007729
0.007100	-2.269351	-2.950350	-0.135630	-0.002672	-0.002702	-0.006279
0.007200	-0.357042	-0.639171	0.182892	-0.000417	-0.000607	0.007898
0.007300	1.696339	2.147526	0.052406	0.002000	0.001970	0.002581
0.007400	0.647200	-2.556427	-0.117583	0.000872	-0.002379	-0.004346
0.007500	-5.011186	-1.767304	0.018693	-0.006055	-0.001574	-0.000963
0.007600	-2.564578	0.865409	0.013810	-0.003155	0.000843	-0.000641
0.007700	-1.575898	3.304566	0.033362	-0.002028	0.003098	0.000165
0.007800	-0.295447	1.765446	0.006869	-0.000417	0.001648	-0.000157
0.007900	4.802202	-0.247452	-0.170149	0.005866	-0.000285	-0.005312
0.008000	-1.134496	0.014257	-0.074339	-0.001383	3.703578E-5	-0.003701
0.008100	1.413296	1.445112	-0.007354	0.001678	0.001326	3.826611E-6
0.008200	0.343168	0.915762	0.056472	0.000389	0.000843	0.002420
0.008300	-1.611891	1.922717	0.057467	-0.002028	0.001809	0.001454
0.008400	-0.895786	-1.004208	0.078754	-0.001061	-0.000930	0.003226
0.008500	-1.916657	0.364214	0.087129	-0.002350	0.000359	0.002904
0.008600	-3.040800	2.914067	-0.177125	-0.003800	0.002776	-0.009501
0.008700	0.577997	-0.269382	0.272062	0.000711	-0.000285	0.012086
0.008800	1.472133	-1.329485	-0.086820	0.001839	-0.001252	-0.002896
0.008900	1.614583	-0.969199	0.032286	0.002000	-0.000930	0.002259
0.009000	0.934432	3.339197	-0.016823	0.001033	0.003098	-0.000963
0.009100	-0.651365	-1.709366	-0.090190	-0.000739	-0.001574	-0.003863
0.009200	-0.239718	3.855241	0.138011	-0.000417	0.003581	0.005159
0.009300	-1.287814	-0.838498	0.068402	-0.001544	-0.000768	0.002581
0.009400	-0.997125	0.196138	-0.007986	-0.001222	0.000198	-0.000802
0.009500	-0.482114	-0.314585	-0.007751	-0.000578	-0.000285	-0.000479
0.009600	0.707389	-0.294279	0.006829	0.000872	-0.000285	0.000648
0.009700	-0.090473	-0.484078	-0.034577	-9.455420E-5	-0.000446	-0.001446
0.009800	0.990703	0.410783	0.092613	0.001194	0.000359	0.004353
0.009900	1.740094	-1.160774	-0.170450	0.002161	-0.001091	-0.006440
0.010000	1.873043	-1.150868	-0.093648	0.002322	-0.001091	-0.003057
0.010100	1.347680	-0.998847	-0.217979	0.001678	-0.000930	-0.008695
0.010200	-3.629125	0.519382	0.178720	-0.004444	0.000520	0.006126
0.010300	-2.062252	-0.155563	0.101157	-0.002511	-0.000124	0.003548
0.010400	2.684479	-0.442119	-0.053846	0.003289	-0.000446	-0.001124
0.010500	0.619624	1.425017	-0.081515	0.000711	0.001326	-0.003540
0.010600	0.310050	-0.309244	-0.078583	0.000389	-0.000285	-0.003218
0.010700	-0.823221	1.765163	0.086311	-0.001061	0.001648	0.003065
0.010800	-0.872749	-0.135257	0.115737	-0.001061	-0.000124	0.004676
0.010900	1.221473	-0.814081	-0.082163	0.001516	-0.000768	-0.002896
0.011000	-1.252594	0.535785	-0.030058	-0.001544	0.000520	-0.001929
0.011100	1.504207	-0.114693	-0.052145	0.001839	-0.000124	-0.001607
0.011200	-0.581404	0.905810	0.102551	-0.000739	0.000843	0.004031
0.011300	-1.237241	1.072136	0.139356	-0.001544	0.001004	0.005320
0.011400	3.609592	-0.426871	-0.047876	0.004416	-0.000446	-0.000479
0.011500	1.109227	-0.106583	0.089227	0.001355	-0.000124	0.004353
0.011600	-1.749532	1.738189	-0.034910	-0.002189	0.001648	-0.002574
0.011700	-1.034278	-1.197059	-0.095415	-0.001222	-0.001091	-0.004346
0.011800	-2.043792	0.539901	0.133718	-0.002511	0.000520	0.004837
0.011900	-0.719354	0.718255	-0.019569	-0.000900	0.000681	-0.001285
0.012000	2.421134	-5.460468	-0.035832	0.003127	-0.005118	0.000487
0.012100	-0.300023	1.591958	0.002446	-0.000417	0.001487	-0.000318
0.012200	0.520643	2.648439	0.058529	0.000550	0.002454	0.002259
0.012300	-2.754623	-1.376382	0.110018	-0.003317	-0.001252	0.003870
0.012400	-1.734257	2.273783	0.127068	-0.002189	0.002131	0.004353
0.012500	-1.393420	0.191387	0.006982	-0.001706	0.000198	-0.000318
0.012600	0.965888	-0.475569	-0.115388	0.001194	-0.000446	-0.004507
0.012700	0.346584	1.077901	-0.050639	0.000389	0.001004	-0.002252
0.012800	-1.511402	0.714049	0.062416	-0.001867	0.000681	0.001937
0.012900	1.491367	-0.626455	0.020096	0.001839	-0.000607	0.001615
0.013000	0.867409	0.752770	0.072987	0.001033	0.000681	0.003387
0.013100	3.184331	-1.487301	-0.204436	0.003933	-0.001413	-0.007246
0.013200	-1.347887	-3.099511	-0.044856	-0.001544	-0.002863	-0.001929
0.013300	0.606746	0.912877	-0.012991	0.000711	0.000843	-0.000479
0.013400	0.094092	1.446676	0.213558	6.654401E-5	0.001326	0.009025
0.013500	1.737064	-1.319130	-0.026161	0.002161	-0.001252	-0.000157
0.013600	3.473343	-0.597781	-0.006414	0.004255	-0.000607	0.001293
0.013700	-3.863800	1.706039	-0.022000	-0.004766	0.001648	-0.002896
0.013800	-0.896211	-1.008369	0.037858	-0.001061	-0.000930	0.001454
0.013900	0.318855	0.034327	-0.103198	0.000389	3.703578E-5	-0.004346
0.014000	-0.696162	-3.434785	-0.041470	-0.000739	-0.003185	-0.001446
0.014100	-2.086023	-1.031702	-0.006464	-0.002511	-0.000930	-0.000963
0.014200	3.281016	2.161613	-0.055798	0.003933	0.001970	-0.001446
0.014300	-2.597967	-0.362244	-0.147269	-0.003155	-0.000285	-0.007407
0.014400	-6.249561	1.341905	0.170498	-0.007666	0.001326	0.004515
0.014500	-0.598395	0.224722	0.211265	-0.000739	0.000198	0.008864
0.014600	-0.400047	-2.218339	-0.031645	-0.000417	-0.002057	-0.001124
0.014700	-6.494833	2.038741	0.257651	-0.007988	0.001970	0.008059
0.014800	-3.348324	1.199856	0.022849	-0.004122	0.001165	-0.000641
0.014900	-2.536888	1.908605	0.062651	-0.003155	0.001809	0.001293
0.015000	-0.889611	-0.686361	-0.198670	-0.001061	-0.000607	-0.008857
0.015100	-1.901135	1.030927	-0.162861	-0.002350	0.001004	-0.008051
0.015200	-1.522643	0.346646	-0.147188	-0.001867	0.000359	-0.007084
0.015300	-0.183355	1.056434	-0.179392	-0.000256	0.001004	-0.008051
0.015400	-0.722926	0.554603	0.072671	-0.000900	0.000520	0.002742
0.015500	-5.944949	-2.124609	0.052210	-0.007183	-0.001896	0.000165
0.015600	1.677725	1.450549	0.004974	0.002000	0.001326	0.000648
0.015700	-0.385583	-1.690689	0.052260	-0.000417	-0.001574	0.002420
0.015800	-1.970477	-1.578196	-0.296118	-0.002350	-0.001413	-0.013367
0.015900	1.239740	-0.120509	-0.068191	0.001516	-0.000124	-0.002413
0.016000	1.110116	-0.097882	0.174736	0.001355	-0.000124	0.008059
0.016100	1.196759	-1.828148	0.155265	0.001516	-0.001735	0.007575
0.016200	-1.957419	-1.193014	0.088222	-0.002350	-0.001091	0.003226
0.016300	-3.189733	-2.790597	-0.122306	-0.003800	-0.002541	-0.006118
0.016400	4.767422	-1.488724	-0.465068	0.005866	-0.001413	-0.017878
0.016500	1.268049	0.928739	0.040135	0.001516	0.000843	0.002098
0.016600	-0.111383	-1.332223	0.132917	-9.455420E-5	-0.001252	0.005964
0.016700	1.076921	-1.323644	0.032246	0.001355	-0.001252	0.002098
0.016800	-2.017261	1.571747	0.071026	-0.002511	0.001487	0.001937
0.016900	-2.259812	-2.599592	-0.089607	-0.002672	-0.002379	-0.004346
0.017000	-3.074086	1.558699	0.107224	-0.003800	0.001487	0.003065
0.017100	0.858566	0.408821	0.093885	0.001033	0.000359	0.004353
0.017200	-1.296967	-1.185473	0.059557	-0.001544	-0.001091	0.002259
0.017300	-0.259724	-1.878859	-0.117016	-0.000256	-0.001735	-0.004829
0.017400	-4.418685	0.668236	0.064368	-0.005411	0.000681	0.000809
0.017500	-1.538088	-0.319311	0.110237	-0.001867	-0.000285	0.004192
0.017600	-2.059609	-0.000990	-0.080309	-0.002511	3.703578E-5	-0.004346
0.017700	0.911783	-2.549477	-0.090384	0.001194	-0.002379	-0.003057
0.017800	-0.893414	-0.852283	-0.128737	-0.001061	-0.000768	-0.005796
0.017900	1.210309	-1.180727	-0.284332	0.001516	-0.001091	-0.011595
0.018000	0.324553	0.218785	0.009040	0.000389	0.000198	0.000487
0.018100	-2.855228	-0.168849	0.093916	-0.003478	-0.000124	0.002904
0.018200	-0.658778	-2.039318	0.068265	-0.000739	-0.001896	0.003065
0.018300	-0.627941	-0.836632	-0.016029	-0.000739	-0.000768	-0.000802
0.018400	1.409184	1.276164	0.032837	0.001678	0.001165	0.001776
0.018500	-1.156141	-0.841075	0.022517	-0.001383	-0.000768	0.000648
0.018600	-0.354669	-0.487246	-0.024598	-0.000417	-0.000446	-0.001124
0.018700	-1.670147	-0.320517	0.118944	-0.002028	-0.000285	0.004515
0.018800	-0.792577	-2.057547	-0.090328	-0.000900	-0.001896	-0.003863
0.018900	-1.388496	0.368279	0.044864	-0.001706	0.000359	0.001293
0.019000	-2.572919	0.526378	0.083038	-0.003155	0.000520	0.002420
0.019100	0.297636	-0.816845	0.034554	0.000389	-0.000768	0.001776
0.019200	-0.996507	0.202191	0.051498	-0.001222	0.000198	0.001776
0.019300	-2.715176	0.167983	-0.017480	-0.003317	0.000198	-0.001929
0.019400	1.627925	-0.452519	0.008376	0.002000	-0.000446	0.001132
0.019500	0.843677	-0.122990	-0.030916	0.001033	-0.000124	-0.000963
0.019600	-2.641720	-2.077450	0.001830	-0.003155	-0.001896	-0.000641
0.019700	-0.517604	-1.691516	0.064685	-0.000578	-0.001574	0.002904
0.019800	-1.830285	3.654804	0.115388	-0.002350	0.003420	0.003548
0.019900	-0.869024	0.029909	0.038369	-0.001061	3.703578E-5	0.001293
0.020000	-0.687281	1.933047	0.015106	-0.000900	0.001809	3.826611E-6
0.020100	0.191759	0.210392	-0.052891	0.000228	0.000198	-0.002252
0.020200	-2.216807	-1.020424	0.124930	-0.002672	-0.000930	0.004676
0.020300	-3.980584	2.240428	0.148686	-0.004928	0.002131	0.004353
0.020400	2.447238	0.590722	-0.065663	0.002966	0.000520	-0.001929
0.020500	-0.048473	1.085255	0.083298	-9.455420E-5	0.001004	0.003387
0.020600	-3.092855	0.860209	0.044921	-0.003800	0.000843	0.000487
0.020700	-0.865182	0.196209	-0.027847	-0.001061	0.000198	-0.001607
0.020800	0.500907	1.940492	-0.096718	0.000550	0.001809	-0.004346
0.020900	0.402120	3.165805	0.061915	0.000389	0.002937	0.002259
0.021000	0.805790	-1.523375	-0.188982	0.001033	-0.001413	-0.007568
0.021100	0.132148	2.977423	-0.047780	6.654401E-5	0.002776	-0.002574
0.021200	-0.265359	2.832095	0.286212	-0.000417	0.002615	0.011764
0.021300	2.910555	3.181899	-0.170442	0.003450	0.002937	-0.006762
0.021400	0.798221	3.168665	0.028358	0.000872	0.002937	0.000970
0.021500	1.302998	-2.723131	-0.158106	0.001678	-0.002541	-0.005796
0.021600	2.147707	-0.787863	0.031622	0.002644	-0.000768	0.002420
0.021700	-0.486961	-0.490721	-0.038198	-0.000578	-0.000446	-0.001768
0.021800	1.590617	3.176276	-0.020168	0.001839	0.002937	-0.000802
0.021900	3.099041	0.256205	-0.054842	0.003772	0.000198	-0.001124
0.022000	0.752767	-3.586690	-0.059880	0.001033	-0.003346	-0.001607
0.022100	4.790174	-0.751270	-0.019834	0.005866	-0.000768	0.001293
0.022200	-0.779312	-1.541623	-0.121674	-0.000900	-0.001413	-0.005312
0.022300	-1.878638	-3.128922	-0.251683	-0.002189	-0.002863	-0.011112
0.022400	2.067355	1.261385	-0.215176	0.002483	0.001165	-0.008695
0.022500	-0.122006	3.329931	0.056552	-0.000256	0.003098	0.001776
0.022600	-2.606618	4.319203	-0.034028	-0.003317	0.004064	-0.003379
0.022700	-1.308014	-1.550985	-0.131458	-0.001544	-0.001413	-0.005957
0.022800	-3.376015	0.156660	-0.025993	-0.004122	0.000198	-0.002574
0.022900	0.758077	1.617490	0.088935	0.000872	0.001487	0.003870
0.023000	2.835308	0.257577	-0.000250	0.003450	0.000198	0.001132
0.023100	1.246094	0.070380	0.107249	0.001516	3.703578E-5	0.005159
0.023200	-1.142682	-0.323261	0.009760	-0.001383	-0.000285	3.826611E-6
0.023300	-2.222157	-1.201477	0.046152	-0.002672	-0.001091	0.001293
0.023400	0.120004	2.472470	0.091381	6.654401E-5	0.002292	0.003548
0.023500	1.718874	3.011559	0.041058	0.002000	0.002776	0.001937
0.023600	-0.376507	-1.344470	0.053669	-0.000417	-0.001252	0.002420
0.023700	4.090596	2.852204	-0.194449	0.004899	0.002615	-0.007246
0.023800	-0.055538	0.758707	0.275213	-9.455420E-5	0.000681	0.011764
0.023900	2.357256	2.159606	0.068354	0.002805	0.001970	0.003548
0.024000	0.300588	-0.659245	-0.117170	0.000389	-0.000607	-0.004829
0.024100	-1.092264	1.585860	0.065843	-0.001383	0.001487	0.002098
0.024200	-1.498060	1.230729	0.038506	-0.001867	0.001165	0.000809
0.024300	-0.512911	-1.516893	0.080261	-0.000578	-0.001413	0.003548
0.024400	1.281856	-3.573546	-0.012918	0.001678	-0.003346	0.000648
0.024500	1.338178	3.674278	-0.186528	0.001516	0.003420	-0.008212
0.024600	-2.340719	-0.684490	0.045820	-0.002833	-0.000607	0.001132
0.024700	-1.702839	-1.541361	0.024785	-0.002028	-0.001413	0.000648
0.024800	2.076300	1.477620	0.209354	0.002483	0.001326	0.009670
0.024900	-3.517072	-0.190008	-0.011259	-0.004283	-0.000124	-0.001929
0.025000	3.367504	0.429834	-0.090140	0.004094	0.000359	-0.002574
0.025100	-0.621509	-0.644986	0.166847	-0.000739	-0.000607	0.007092
0.025200	0.340950	0.765350	0.278833	0.000389	0.000681	0.012086
0.025300	1.485591	4.211835	-0.025821	0.001678	0.003903	-0.001285
0.025400	0.219102	-3.773322	-0.111265	0.000389	-0.003507	-0.004024
0.025500	4.564343	0.779336	-0.241451	0.005544	0.000681	-0.008695
0.025600	0.820911	-0.989294	-0.041875	0.001033	-0.000930	-0.001285
0.025700	0.216651	1.097501	0.162546	0.000228	0.001004	0.006931
0.025800	2.544388	-0.779329	0.053832	0.003127	-0.000768	0.003548
0.025900	1.688309	-3.211984	0.077621	0.002161	-0.003024	0.004676
0.026000	4.193018	1.662450	-0.003611	0.005061	0.001487	0.001293
0.026100	2.083945	1.809841	0.073206	0.002483	0.001648	0.003709
0.026200	1.897278	-0.270189	0.058586	0.002322	-0.000285	0.003387
0.026300	-0.359439	-0.662625	-0.047610	-0.000417	-0.000607	-0.002090
0.026400	-1.691947	-1.177363	0.200930	-0.002028	-0.001091	0.008220
0.026500	-1.817831	-0.860721	-0.067787	-0.002189	-0.000768	-0.003540
0.026600	-3.563417	-1.930558	-0.111250	-0.004283	-0.001735	-0.005957
0.026700	2.551685	-0.450512	-0.115776	0.003127	-0.000446	-0.003863
0.026800	-2.086681	-1.038133	-0.069666	-0.002511	-0.000930	-0.003701
0.026900	-1.208067	-2.764949	-0.178558	-0.001383	-0.002541	-0.007729
0.027000	-0.461720	0.399793	0.210698	-0.000578	0.000359	0.008864
0.027100	-1.744994	-3.112207	-0.107961	-0.002028	-0.002863	-0.004829
0.027200	-0.138726	2.651491	0.191291	-0.000256	0.002454	0.007737
0.027300	-1.424450	-1.013191	0.072687	-0.001706	-0.000930	0.002742
0.027400	-2.277499	-3.287490	-0.047813	-0.002672	-0.003024	-0.002413
0.027500	0.899367	1.966427	0.096509	0.001033	0.001809	0.004192
0.027600	2.466511	1.294130	0.044971	0.002966	0.001165	0.002742
0.027700	3.184988	-1.480871	-0.141233	0.003933	-0.001413	-0.004507
0.027800	-0.869333	0.026882	0.008626	-0.001061	3.703578E-5	3.826611E-6
0.027900	1.314239	-2.355728	0.051499	0.001678	-0.002218	0.003226
0.028000	7.057991	0.135904	-0.153180	0.008605	3.703578E-5	-0.003701
0.028100	-3.545072	-1.236229	-0.089843	-0.004283	-0.001091	-0.005151
0.028200	5.335364	-0.065738	-0.167095	0.006510	-0.000124	-0.004990
0.028300	0.177474	-0.444216	0.316068	0.000228	-0.000446	0.013858
0.028400	-2.564694	0.864274	0.002656	-0.003155	0.000843	-0.001124
0.028500	0.057520	0.059153	0.181896	6.654401E-5	3.703578E-5	0.007898
0.028600	3.404928	1.825679	0.023312	0.004094	0.001648	0.002098
0.028700	-1.302781	3.652439	0.009922	-0.001706	0.003420	-0.000802
0.028800	0.315129	-0.130838	-0.025829	0.000389	-0.000124	-0.000963
0.028900	-1.517757	0.523160	-0.113024	-0.001867	0.000520	-0.005635
0.029000	2.512082	3.027115	0.070606	0.002966	0.002776	0.003548
0.029100	1.441297	-2.532171	-0.002526	0.001839	-0.002379	0.000970
0.029200	-1.016127	-0.504622	-0.092596	-0.001222	-0.000446	-0.004346
0.029300	-1.994573	2.437294	0.074549	-0.002511	0.002292	0.001937
0.029400	-0.213032	-0.134904	0.016435	-0.000256	-0.000124	0.000648
0.029500	0.046163	-0.309385	-0.038862	6.654401E-5	-0.000285	-0.001607
0.029600	2.479699	1.809297	0.006189	0.002966	0.001648	0.000970
0.029700	1.394874	0.750026	-0.036197	0.001678	0.000681	-0.001124
0.029800	0.073158	0.727001	-0.056941	6.654401E-5	0.000681	-0.002574
0.029900	-1.210556	2.105496	0.091535	-0.001544	0.001970	0.003065
0.030000	-1.707378	3.309035	0.097836	-0.002189	0.003098	0.002904
0.030100	-1.703846	3.472308	0.001879	-0.002189	0.003259	-0.001285
0.030200	2.523955	3.529419	-0.094580	0.002966	0.003259	-0.003701
0.030300	1.398870	5.941344	-0.013785	0.001516	0.005514	-0.001124
0.030400	-1.812947	9.362802	0.113889	-0.002511	0.008736	0.002420
0.030500	1.174469	7.485947	-0.097845	0.001194	0.006964	-0.005151
0.030600	-1.498370	6.251207	0.082519	-0.002028	0.005837	0.001776
0.030700	0.523324	7.826895	-0.045464	0.000389	0.007286	-0.003218
0.030800	0.677995	8.692891	-0.058083	0.000550	0.008092	-0.003863
0.030900	-3.731858	11.753120	0.105651	-0.004928	0.010992	0.000809
0.031000	0.765604	11.995587	0.089145	0.000550	0.011153	0.001937
0.031100	0.314354	9.908605	0.047326	6.654401E-5	0.009220	0.000326
0.031200	1.343913	8.882619	0.003183	0.001355	0.008253	-0.000963
0.031300	-0.268801	7.821932	0.029086	-0.000578	0.007286	-0.000318
0.031400	-0.023606	7.124340	-0.065503	-0.000256	0.006642	-0.004185
0.031500	-0.305296	6.435166	0.004860	-0.000578	0.005998	-0.001124
0.031600	3.509025	5.804546	0.013495	0.004094	0.005353	0.000970
0.031700	1.204055	3.524174	0.059412	0.001355	0.003259	0.002420
0.031800	1.427103	1.966331	0.013349	0.001678	0.001809	0.000809
0.031900	-2.441594	0.520396	0.003693	-0.002994	0.000520	-0.000963
0.032000	0.270332	-1.856257	0.022890	0.000389	-0.001735	0.001454
0.032100	0.484419	1.264321	0.060327	0.000550	0.001165	0.002581
0.032200	3.167611	-2.165742	-0.069697	0.003933	-0.002057	-0.001285
0.032300	2.628944	-2.530023	-0.166399	0.003289	-0.002379	-0.005635
0.032400	-0.699772	-3.598815	0.047052	-0.000739	-0.003346	0.002420
0.032500	0.461692	-4.625109	-0.020670	0.000711	-0.004313	0.000165
0.032600	2.945183	-5.625351	-0.037905	0.003772	-0.005279	0.000648
0.032700	3.569720	-6.998903	-0.035029	0.004577	-0.006568	0.001293
0.032800	2.493700	-7.714602	-0.102030	0.003289	-0.007212	-0.001929
0.032900	-0.948692	-8.089893	0.145253	-0.000900	-0.007535	0.007414
0.033000	0.756132	-8.577284	0.189810	0.001194	-0.008018	0.010153
0.033100	0.623261	-8.586433	0.120444	0.001033	-0.008018	0.007092
0.033200	1.898247	-10.307742	0.004019	0.002644	-0.009629	0.002904
0.033300	1.765414	-10.316513	-0.061629	0.002483	-0.009629	3.826611E-6
0.033400	1.675006	-8.751790	0.031493	0.002322	-0.008179	0.003709
0.033500	5.079691	-14.927347	0.005252	0.006672	-0.013978	0.005159
0.033600	-1.176044	-11.726395	0.139162	-0.001061	-0.010918	0.007737
0.033700	-1.327145	-7.405233	0.133298	-0.001383	-0.006890	0.006609
0.033800	2.628467	-12.710421	0.075751	0.003611	-0.011884	0.006770
0.033900	5.745855	-14.606499	-0.345450	0.007477	-0.013656	-0.009823
0.034000	7.860200	-14.573593	-0.350925	0.010055	-0.013656	-0.009179
0.034100	1.944785	-13.588804	0.048844	0.002805	-0.012690	0.005481
0.034200	6.723975	-7.633280	0.039449	0.008444	-0.007212	0.005964
0.034300	2.309933	-9.766261	0.162183	0.003127	-0.009146	0.009831
0.034400	5.604991	-14.951275	-0.312128	0.007316	-0.013978	-0.008373
0.034500	-0.886863	-10.706512	-0.082219	-0.000739	-0.009951	-0.001929
0.034600	3.854735	-6.277196	0.214337	0.004899	-0.005924	0.012086
0.034700	2.919349	-11.673894	0.017951	0.003933	-0.010918	0.004192
0.034800	5.517095	-8.338458	0.096406	0.006994	-0.007857	0.008059
0.034900	4.749065	-12.358912	-0.199712	0.006188	-0.011562	-0.004346
0.035000	1.511621	-9.831751	-0.358111	0.002161	-0.009146	-0.013045
0.035100	-3.154218	-6.565642	0.169495	-0.003639	-0.006085	0.007253
0.035200	4.514260	-6.278734	0.096446	0.005705	-0.005924	0.007253
0.035300	3.055055	-1.461270	0.071951	0.003772	-0.001413	0.004676
0.035400	-1.529863	0.018585	0.029856	-0.001867	3.703578E-5	0.000648
0.035500	-0.858077	-4.500370	-0.289799	-0.000900	-0.004152	-0.012079
0.035600	7.279207	-1.568567	0.060297	0.008927	-0.001574	0.005964
0.035700	4.266821	-0.579578	0.049159	0.005222	-0.000607	0.004031
0.035800	0.176275	-0.455943	0.200817	0.000228	-0.000446	0.008864
0.035900	3.834547	3.186176	-0.272287	0.004577	0.002937	-0.010790
0.036000	3.114741	5.819466	0.221787	0.003611	0.005353	0.009831
0.036100	1.182256	2.667328	0.141397	0.001355	0.002454	0.006126
0.036200	1.193110	3.030948	0.313824	0.001355	0.002776	0.013536
0.036300	7.528011	2.921375	-0.049058	0.009088	0.002615	0.000487
0.036400	1.463211	3.349314	0.000397	0.001678	0.003098	3.826611E-6
0.036500	2.549775	4.425608	0.210083	0.002966	0.004064	0.009348
0.036600	0.483142	6.275342	0.011396	0.000389	0.005837	-0.000479
0.036700	2.213838	11.836872	0.003815	0.002322	0.010992	-0.001124
0.036800	5.627365	11.028770	0.030432	0.006510	0.010186	0.001615
0.036900	1.709409	12.708567	0.149982	0.001678	0.011797	0.004837
0.037000	-1.088309	11.800305	0.158292	-0.001706	0.010992	0.004192
0.037100	-0.005070	12.844065	0.048249	-0.000417	0.011958	-0.000318
0.037200	-0.141706	12.669372	0.052534	-0.000578	0.011797	-0.000157
0.037300	2.515225	13.233615	0.084982	0.002644	0.012280	0.002259
0.037400	0.807991	13.568702	0.244198	0.000550	0.012603	0.008381
0.037500	0.894402	11.836166	0.202420	0.000711	0.010992	0.006931
0.037600	1.813895	11.667712	0.103587	0.001839	0.010831	0.003065
0.037700	-0.964822	11.460209	0.196507	-0.001544	0.010670	0.005964
0.037800	2.169466	10.115614	0.093430	0.002322	0.009381	0.003065
0.037900	0.619042	11.466352	0.010230	0.000389	0.010670	-0.001446
0.038000	3.867586	9.433930	-0.070912	0.004416	0.008736	-0.003218
0.038100	1.431484	12.184937	0.146694	0.001355	0.011314	0.004676
0.038200	2.109779	7.858384	0.017350	0.002322	0.007286	0.000165
0.038300	-1.151102	9.383961	0.219064	-0.001706	0.008736	0.007253
0.038400	2.716242	5.793152	0.024843	0.003127	0.005353	0.001132
0.038500	1.578472	7.694828	0.192749	0.001678	0.007125	0.007575
0.038600	1.002537	5.936215	-0.002535	0.001033	0.005514	-0.000802
0.038700	-0.204576	5.228767	0.032115	-0.000417	0.004870	0.000326
0.038800	2.561958	4.930939	0.074640	0.002966	0.004548	0.003387
0.038900	-0.495651	4.190348	0.071326	-0.000739	0.003903	0.002098
0.039000	4.383256	3.906133	-0.081231	0.005222	0.003581	-0.002413
0.039100	-0.921660	2.993881	0.278404	-0.001222	0.002776	0.011120
0.039200	-0.850254	0.728399	0.100672	-0.001061	0.000681	0.003870
0.039300	1.118379	0.240393	0.098072	0.001355	0.000198	0.004676
0.039400	2.785587	-6.668239	-0.063168	0.003611	-0.006246	-0.000318
0.039500	0.754005	-3.574585	0.059088	0.001033	-0.003346	0.003548
0.039600	-0.963891	-3.601226	0.064466	-0.001061	-0.003346	0.003065
0.039700	-2.179383	-4.648083	0.164627	-0.002511	-0.004313	0.007092
0.039800	1.550977	-3.393486	0.014986	0.002000	-0.003185	0.001937
0.039900	-0.671462	-7.573072	0.081622	-0.000578	-0.007051	0.004676
0.040000	-1.287040	-5.854437	0.069002	-0.001383	-0.005440	0.003548
0.040100	-3.848716	-7.807267	-0.026122	-0.004444	-0.007212	-0.001285
0.040200	5.492048	-9.227081	-0.133902	0.006994	-0.008662	-0.001768
0.040300	2.486094	-8.046446	0.037836	0.003289	-0.007535	0.004192
0.040400	-2.119386	-7.411331	0.196694	-0.002350	-0.006890	0.009025
0.040500	-0.914284	-6.723555	-0.031280	-0.000900	-0.006246	-0.000479
0.040600	1.195330	-6.865650	-0.056049	0.001678	-0.006407	-0.000641
0.040700	0.478206	-9.100914	0.186522	0.000872	-0.008501	0.009992
0.040800	0.115815	-2.720740	0.050381	0.000228	-0.002541	0.002742
0.040900	-0.768535	-1.178760	0.043318	-0.000900	-0.001091	0.001776
0.041000	1.052840	-2.202809	-0.105117	0.001355	-0.002057	-0.003701
0.041100	5.887334	5.838349	-0.024265	0.006994	0.005353	0.000326
0.041200	-1.439533	3.476611	0.003053	-0.001867	0.003259	-0.001124
0.041300	2.949331	9.614490	0.146889	0.003289	0.008897	0.005803
0.041400	6.434689	11.568571	0.110425	0.007477	0.010670	0.005320
0.041500	-0.701399	11.455811	0.112172	-0.001222	0.010670	0.002420
0.041600	-0.022138	12.162220	0.149528	-0.000417	0.011314	0.004192
0.041700	5.160747	13.300093	0.327230	0.005866	0.012280	0.013858
0.041800	0.986278	15.309323	0.324328	0.000711	0.014214	0.011603
0.041900	2.297915	9.952789	0.173245	0.002483	0.009220	0.006609
0.042000	6.699621	6.555421	0.097328	0.007960	0.005998	0.005803
0.042100	2.211428	1.637559	0.060077	0.002644	0.001487	0.003226
0.042200	2.263973	3.567486	0.320636	0.002644	0.003259	0.014180
0.042300	4.608353	2.368340	0.069748	0.005544	0.002131	0.004515
0.042400	4.169232	0.657462	0.323043	0.005061	0.000520	0.015630
0.042500	4.623127	-2.124488	0.109640	0.005705	-0.002057	0.007092
0.042600	7.406728	3.283034	0.124641	0.008927	0.002937	0.007898
0.042700	10.112800	10.767419	0.164240	0.011988	0.009864	0.009348
0.042800	11.928077	9.426279	0.300665	0.014243	0.008575	0.016275
0.042900	3.834453	18.127085	0.375819	0.004094	0.016791	0.014503
0.043000	9.953665	29.823089	0.478613	0.011182	0.027585	0.019336
0.043100	14.420265	34.014846	0.182164	0.016499	0.031451	0.007575
0.043200	11.581242	41.591069	0.287030	0.012793	0.038539	0.009509
0.043300	10.315291	48.681722	0.474902	0.011021	0.045144	0.015791
0.043400	16.099831	47.578606	0.633367	0.018110	0.044017	0.025296
0.043500	11.025194	55.612431	0.483131	0.011666	0.051588	0.015147
0.043600	22.500386	54.936875	0.558583	0.025681	0.050783	0.023363
0.043700	15.703071	57.616325	0.751233	0.017304	0.053360	0.028357
0.043800	16.832383	60.397988	0.715157	0.018593	0.055938	0.026746
0.043900	19.293570	63.559487	0.805331	0.021493	0.058838	0.031096
0.044000	22.413690	56.537914	1.008612	0.025520	0.052233	0.042534
0.044100	26.931946	57.627391	0.813458	0.030997	0.053199	0.035768
0.044200	28.617344	51.411575	0.658755	0.033253	0.047400	0.030935
0.044300	18.207109	57.331974	0.967318	0.020365	0.053038	0.038828
0.044400	24.149659	57.256236	0.998617	0.027614	0.052877	0.042695
0.044500	34.392188	54.979692	0.830081	0.040180	0.050622	0.040117
0.044600	28.600351	60.777496	0.914980	0.032931	0.056099	0.040278
0.044700	29.504167	59.940815	1.051267	0.034058	0.055294	0.046722
0.044800	33.563127	58.478458	1.347540	0.039052	0.053844	0.061543
0.044900	30.831931	50.104694	1.070197	0.035991	0.046111	0.049944
0.045000	34.222732	43.407162	1.015817	0.040341	0.039828	0.050266
0.045100	33.987619	39.437303	1.134721	0.040180	0.036123	0.056066
0.045200	33.352680	30.275915	1.290795	0.039697	0.027585	0.064282
0.045300	35.627587	26.337662	1.329772	0.042596	0.023880	0.067665
0.045400	37.199733	20.819508	1.249796	0.044691	0.018724	0.065893
0.045500	38.619105	4.406886	1.217100	0.046946	0.003420	0.068148
0.045600	37.374918	2.306998	1.171757	0.045496	0.001487	0.066054
0.045700	42.790365	-2.657248	0.837670	0.052262	-0.003185	0.054777
0.045800	46.835944	-4.636664	1.154136	0.057256	-0.005118	0.070565
0.045900	44.520493	-7.405722	1.499078	0.054518	-0.007696	0.085064
0.046000	44.611302	-8.837812	1.008859	0.054679	-0.008984	0.064121
0.046100	53.668093	-10.969119	0.752092	0.065795	-0.011079	0.057194
0.046200	44.768099	-7.951011	1.200717	0.054840	-0.008179	0.072337
0.046300	52.672425	-13.734066	0.931890	0.064667	-0.013656	0.065087
0.046400	43.052564	-12.978081	1.359123	0.052907	-0.012851	0.079425
0.046500	50.101312	-16.165369	1.236172	0.061606	-0.015912	0.077653
0.046600	48.342190	-17.753778	1.198030	0.059512	-0.017362	0.075559
0.046700	54.017218	-17.865217	0.919579	0.066439	-0.017523	0.065893
0.046800	46.304509	-14.977213	1.605145	0.056934	-0.014784	0.091830
0.046900	53.966013	-19.910752	1.223416	0.066439	-0.019456	0.079425
0.047000	42.497279	-19.172022	1.768832	0.052423	-0.018650	0.098113
0.047100	52.381492	-19.923326	1.346491	0.064506	-0.019456	0.084097
0.047200	49.766094	-3.852262	1.608571	0.060801	-0.004474	0.091346
0.047300	52.815995	-8.339305	1.232567	0.064667	-0.008662	0.077170
0.047400	49.604061	5.128028	1.496600	0.060317	0.003903	0.084741
0.047500	54.948565	7.457309	1.458614	0.066761	0.005998	0.084903
0.047600	53.395498	13.676979	1.630634	0.064667	0.011797	0.090541
0.047700	59.386956	20.519113	1.646778	0.071755	0.018080	0.092474
0.047800	51.984430	20.381245	1.442874	0.062734	0.018080	0.080553
0.047900	54.631395	25.614073	1.462160	0.065795	0.022913	0.081519
0.048000	55.648307	29.101722	1.582602	0.066922	0.026135	0.086513
0.048100	52.561059	37.217181	1.926345	0.062895	0.033707	0.098596
0.048200	56.914872	42.111140	1.749237	0.068050	0.038217	0.091830
0.048300	55.477584	42.763080	1.580155	0.066278	0.038862	0.083775
0.048400	57.799892	45.727945	1.458984	0.069017	0.041600	0.078942
0.048500	52.575187	47.917285	1.690027	0.062573	0.043695	0.086352
0.048600	59.481137	49.389811	1.488264	0.070950	0.044983	0.080231
0.048700	55.935473	50.195952	1.462919	0.066600	0.045789	0.077492
0.048800	57.175393	52.125379	1.533581	0.068050	0.047561	0.080714
0.048900	55.520834	49.496872	1.456480	0.066117	0.045144	0.077170
0.049000	59.106835	50.243798	1.439836	0.070466	0.045789	0.077814
0.049100	52.479236	49.299063	1.685782	0.062412	0.044983	0.085869
0.049200	55.949511	50.719441	1.505929	0.066600	0.046272	0.079264
0.049300	58.624207	46.948834	1.430262	0.069983	0.042728	0.077814
0.049400	60.875304	47.157568	1.431656	0.072722	0.042889	0.078781
0.049500	59.871927	49.211996	1.379647	0.071433	0.044822	0.075720
0.049600	57.998781	48.313685	1.341878	0.069178	0.044017	0.073465
0.049700	55.566676	46.209000	1.434384	0.066278	0.042084	0.076848
0.049800	55.812723	40.496225	1.347831	0.066761	0.036767	0.074270
0.049900	56.178646	34.279325	1.388014	0.067406	0.030968	0.077331
0.050000	53.928014	29.051626	1.357478	0.064828	0.026135	0.076042
0.050100	56.971006	19.216044	1.114505	0.068855	0.016952	0.068632
0.050200	53.067515	16.399987	1.244204	0.064184	0.014375	0.073142
0.050300	55.619034	12.972502	1.160066	0.067406	0.011153	0.071209
0.050400	54.971383	13.476345	1.112771	0.066600	0.011636	0.068793
0.050500	56.424271	8.468370	0.965543	0.068533	0.006964	0.063960
0.050600	51.641509	7.372699	1.140933	0.062734	0.005998	0.069759
0.050700	53.304371	5.316354	1.071333	0.064828	0.004064	0.067826
0.050800	59.546105	1.592291	0.898131	0.072561	0.000520	0.063638
0.050900	52.753252	-0.579411	1.010294	0.064345	-0.001413	0.066054
0.051000	50.966749	-3.207989	0.953053	0.062250	-0.003829	0.063315
0.051100	51.470521	-9.109620	0.669928	0.063056	-0.009307	0.052361
0.051200	51.819531	-16.006852	0.826261	0.063700	-0.015751	0.060577
0.051300	52.882865	-20.824907	0.906619	0.065150	-0.020261	0.065410
0.051400	49.155381	-21.922661	0.897101	0.060639	-0.021228	0.063638
0.051500	47.880836	-25.091847	0.546391	0.059190	-0.024128	0.048494
0.051600	49.723299	-20.371204	0.757081	0.061284	-0.019778	0.057516
0.051700	48.701887	-13.984573	0.787163	0.059834	-0.013817	0.057194
0.051800	48.514407	-11.049043	0.768225	0.059512	-0.011079	0.055744
0.051900	49.319255	-5.509948	0.684037	0.060317	-0.005924	0.051394
0.052000	48.767245	-1.367404	0.685000	0.059512	-0.002057	0.050428
0.052100	47.226632	0.336740	0.673846	0.057579	-0.000446	0.048978
0.052200	44.524207	3.063773	0.696954	0.054196	0.002131	0.048333
0.052300	43.508261	4.609087	0.743211	0.052907	0.003581	0.049622
0.052400	46.327236	6.368900	0.600867	0.056290	0.005192	0.044306
0.052500	42.659246	7.526485	0.648840	0.051779	0.006320	0.044628
0.052600	41.238123	8.722720	0.727245	0.050007	0.007448	0.047206
0.052700	40.743403	10.075536	0.500031	0.049363	0.008736	0.036895
0.052800	40.521901	16.672015	0.768561	0.048879	0.014858	0.047206
0.052900	38.171450	22.835274	0.509514	0.045818	0.020658	0.033834
0.053000	38.645659	30.813955	0.654636	0.046141	0.028068	0.038828
0.053100	39.034823	40.667261	0.537384	0.046302	0.037251	0.032062
0.053200	35.924616	47.914526	0.851579	0.042274	0.044017	0.043017
0.053300	35.585146	55.162516	0.741268	0.041630	0.050783	0.036734
0.053400	35.657246	62.950852	0.777967	0.041469	0.058032	0.036895
0.053500	35.956546	64.327167	0.658375	0.041791	0.059321	0.031579
0.053600	32.310935	66.347272	0.680129	0.037280	0.061254	0.030612
0.053700	36.002503	66.063935	0.721188	0.041791	0.060932	0.033996
0.053800	29.122968	65.622121	0.849105	0.033414	0.060610	0.036734
0.053900	33.359495	66.022046	0.720596	0.038569	0.060932	0.032868
0.054000	30.230495	67.675787	0.460740	0.034703	0.062543	0.019980
0.054100	28.294129	64.356971	0.442847	0.032447	0.059482	0.019013
0.054200	19.942922	68.095793	1.089964	0.022137	0.063026	0.042856
0.054300	26.210529	65.397146	0.790867	0.029870	0.060449	0.033029
0.054400	27.069794	62.966165	0.563905	0.030997	0.058193	0.024007
0.054500	25.905804	58.815516	0.750491	0.029709	0.054327	0.032385
0.054600	20.305444	51.798593	0.655472	0.023104	0.047883	0.027229
0.054700	24.037507	43.022826	0.521901	0.027937	0.039667	0.024652
0.054800	18.574441	36.187027	0.485800	0.021493	0.033384	0.022074
0.054900	16.733277	36.373902	0.909544	0.019237	0.033545	0.039634
0.055000	18.987290	26.692847	0.607985	0.022298	0.024524	0.029324
0.055100	20.294621	21.165474	0.478504	0.024070	0.019369	0.025296
0.055200	14.490370	16.408667	0.529028	0.017143	0.015019	0.025941
0.055300	21.376609	17.044775	0.610011	0.025520	0.015502	0.032223
0.055400	17.208550	9.327112	0.204482	0.020687	0.008414	0.014342
0.055500	15.650971	10.221697	0.740035	0.018754	0.009220	0.036734
0.055600	15.093381	4.133908	0.492403	0.018271	0.003581	0.026907
0.055700	19.415184	2.661478	0.648575	0.023587	0.002131	0.035768
0.055800	16.594198	0.881994	0.597595	0.020204	0.000520	0.032707
0.055900	12.535070	-7.833021	0.573214	0.015532	-0.007535	0.031579
0.056000	12.802879	-17.712832	0.327202	0.016176	-0.016717	0.022880
0.056100	10.996703	-21.177450	0.556424	0.014082	-0.019939	0.032707
0.056200	16.960975	-20.397099	0.498302	0.021332	-0.019295	0.032546
0.056300	12.117483	-28.783720	0.423476	0.015693	-0.027027	0.028840
0.056400	12.656227	-28.418682	0.527614	0.016337	-0.026705	0.033512
0.056500	12.770754	-29.103862	0.575573	0.016499	-0.027350	0.035768
0.056600	13.452581	-28.243636	0.424027	0.017304	-0.026544	0.029324
0.056700	12.355613	-29.807859	0.520803	0.016015	-0.027994	0.033351
0.056800	12.937840	-27.730265	0.449817	0.016660	-0.026061	0.030129
0.056900	11.079079	-23.078178	0.562272	0.014243	-0.021711	0.033351
0.057000	9.389222	-22.058219	0.649951	0.012149	-0.020745	0.036251
0.057100	12.731783	-20.467829	0.460921	0.016176	-0.019295	0.029163
0.057200	12.413751	-17.518751	0.595683	0.015693	-0.016556	0.034318
0.057300	12.474959	-15.117917	0.382482	0.015693	-0.014301	0.024652
0.057400	10.526719	-8.892028	0.677287	0.013115	-0.008501	0.035445
0.057500	10.748450	-5.439228	0.578575	0.013277	-0.005279	0.030612
0.057600	12.557410	-1.947374	0.617033	0.015371	-0.002057	0.032385
0.057700	11.965062	5.665609	0.733741	0.014404	0.005031	0.035768
0.057800	13.134131	9.994664	0.599909	0.015693	0.009059	0.029646
0.057900	12.623424	15.699731	0.651828	0.014888	0.014375	0.030612
0.058000	12.215655	25.372317	0.582396	0.014082	0.023396	0.025618
0.058100	12.826461	33.525312	0.719516	0.014565	0.030968	0.030290
0.058200	10.903901	35.751221	0.796082	0.012149	0.033062	0.032385
0.058300	9.013221	39.190029	0.888734	0.009732	0.036284	0.034962
0.058400	9.463466	41.267175	0.833890	0.010216	0.038217	0.032385
0.058500	10.502255	45.612426	0.879783	0.011343	0.042245	0.033996
0.058600	10.847512	48.725508	0.823004	0.011666	0.045144	0.031096
0.058700	13.440836	51.888969	0.911907	0.014726	0.048044	0.035445
0.058800	13.094805	53.791825	0.968086	0.014243	0.049816	0.037379
0.058900	15.444765	57.799507	0.892038	0.016982	0.053522	0.034318
0.059000	11.511650	58.944845	0.860764	0.012149	0.054649	0.031096
0.059100	12.773447	61.731875	0.856876	0.013599	0.057227	0.030935
0.059200	14.902874	62.298484	0.994791	0.016176	0.057710	0.037701
0.059300	15.964391	62.486155	0.974169	0.017465	0.057871	0.037217
0.059400	16.575779	60.597815	1.019544	0.018271	0.056099	0.039795
0.059500	16.621040	62.327773	1.015438	0.018271	0.057710	0.039312
0.059600	15.792729	60.939070	1.095503	0.017304	0.056421	0.042695
0.059700	19.204634	55.091575	0.892218	0.021654	0.050944	0.036412
0.059800	18.020791	50.231844	0.912403	0.020365	0.046433	0.037701
0.059900	16.040284	50.217545	1.080188	0.017948	0.046433	0.044145
0.060000	23.011544	44.083993	0.911797	0.026648	0.040634	0.040923
0.060100	21.708249	39.732549	0.846141	0.025198	0.036606	0.038345
0.060200	23.982461	35.787486	0.818198	0.028098	0.032901	0.038828
0.060300	20.698970	31.424769	0.950069	0.024231	0.028874	0.043984
0.060400	23.187153	25.575644	0.874653	0.027453	0.023396	0.042856
0.060500	24.399539	21.439884	0.837590	0.029064	0.019530	0.042534
0.060600	24.136194	16.421534	0.855604	0.028903	0.014858	0.044145
0.060700	26.441629	13.682940	0.780545	0.031803	0.012280	0.042373
0.060800	27.143502	10.230634	0.740233	0.032769	0.009059	0.041567
0.060900	26.550059	2.633661	0.965851	0.032286	0.001970	0.052522
0.061000	27.041958	-3.770275	0.847912	0.033092	-0.003990	0.048817
0.061100	29.666275	-9.449624	0.719881	0.036475	-0.009307	0.045433
0.061200	27.667269	-10.159765	0.851387	0.034058	-0.009951	0.050428
0.061300	29.239414	-10.654414	0.845167	0.035991	-0.010434	0.050911
0.061400	31.006413	-8.731514	0.769468	0.038086	-0.008662	0.048011
0.061500	30.721074	-9.585096	0.924634	0.037764	-0.009468	0.054777
0.061600	37.828234	-10.527637	0.755076	0.046463	-0.010434	0.050589
0.061700	31.494198	-10.280893	0.765475	0.038730	-0.010112	0.048333
0.061800	32.133972	-11.119228	0.926611	0.039536	-0.010918	0.055744
0.061900	32.249326	-11.667614	0.618368	0.039697	-0.011401	0.042534
0.062000	33.935248	-7.959973	1.097499	0.041630	-0.008018	0.063315
0.062100	37.466887	-4.137249	0.719315	0.045818	-0.004474	0.047689
0.062200	37.960061	-5.505197	0.797818	0.046463	-0.005762	0.051555
0.062300	34.603654	-2.593680	1.036184	0.042274	-0.003024	0.059932
0.062400	38.301939	2.469631	0.925623	0.046624	0.001648	0.055744
0.062500	37.550152	-1.005771	0.884428	0.045818	-0.001574	0.054294
0.062600	42.717799	-0.403114	0.903869	0.052101	-0.001091	0.057194
0.062700	45.891145	9.839884	0.783628	0.055645	0.008414	0.051394
0.062800	40.411125	12.370384	1.007471	0.048879	0.010831	0.058321
0.062900	38.851548	18.397652	0.989180	0.046785	0.016469	0.055744
0.063000	39.658600	28.981814	1.190660	0.047429	0.026296	0.062832
0.063100	47.362991	30.649814	1.086071	0.056773	0.027746	0.061221
0.063200	41.111254	34.018579	1.168637	0.049040	0.030968	0.061543
0.063300	40.623274	40.589572	1.227797	0.048235	0.037090	0.062671
0.063400	45.860742	43.934741	0.990833	0.054518	0.040150	0.053972
0.063500	44.498183	52.400741	1.111258	0.052585	0.048044	0.057033
0.063600	45.379311	50.698514	1.244021	0.053712	0.046433	0.063476
0.063700	44.052050	55.516049	1.199666	0.051940	0.050944	0.060093
0.063800	51.993566	56.150073	1.095741	0.061606	0.051427	0.058805
0.063900	49.434262	59.372673	0.866882	0.058384	0.054488	0.047206
0.064000	48.566387	56.438469	1.063292	0.057418	0.051750	0.055905
0.064100	44.743841	56.731193	1.135039	0.052746	0.052072	0.057355
0.064200	47.602136	54.881883	1.214563	0.056290	0.050300	0.062349
0.064300	55.274918	55.339630	1.119911	0.065634	0.050622	0.061382
0.064400	55.171091	51.363412	1.155753	0.065634	0.046917	0.063638
0.064500	45.795434	46.517314	0.883705	0.054357	0.042567	0.048817
0.064600	43.138645	40.802230	1.226647	0.051296	0.037251	0.063638
0.064700	55.378271	34.064937	1.104953	0.066439	0.030807	0.064765
0.064800	51.393037	33.284509	0.854015	0.061606	0.030162	0.052361
0.064900	50.456554	32.771875	1.061562	0.060478	0.029679	0.061060
0.065000	47.984035	24.089863	1.114866	0.057740	0.021624	0.063960
0.065100	50.591167	22.751038	1.150716	0.060962	0.020335	0.066860
0.065200	52.326053	23.458768	1.036624	0.063056	0.020980	0.062510
0.065300	52.273844	16.379892	1.170043	0.063217	0.014375	0.069598
0.065400	51.835744	9.784195	1.011969	0.062895	0.008253	0.063799
0.065500	48.553967	10.590476	0.946903	0.058867	0.009059	0.059449
0.065600	56.417864	3.124749	1.146905	0.068694	0.001970	0.072820
0.065700	52.737938	-1.115384	0.844598	0.064345	-0.001896	0.058966
0.065800	55.996794	-2.789482	0.883834	0.068372	-0.003507	0.062349
0.065900	57.581456	-7.927749	1.136150	0.070466	-0.008340	0.074914
0.066000	52.062120	-11.835134	0.990612	0.063861	-0.011884	0.067021
0.066100	51.030783	-15.850055	0.789982	0.062734	-0.015589	0.058644
0.066200	49.955885	-16.554784	0.830797	0.061445	-0.016234	0.060093
0.066300	48.944554	-14.835604	0.885194	0.060156	-0.014623	0.061704
0.066400	51.405626	-16.698745	0.890460	0.063217	-0.016395	0.063315
0.066500	51.808909	-16.368203	0.676141	0.063700	-0.016073	0.054133
0.066600	46.849365	-9.142732	1.063905	0.057418	-0.009307	0.067504
0.066700	51.310564	-10.284761	1.045480	0.062895	-0.010434	0.068793
0.066800	53.009767	-10.955853	0.985234	0.064989	-0.011079	0.067021
0.066900	55.340493	-7.651201	0.802270	0.067728	-0.008018	0.059449
0.067000	48.725695	-3.061046	1.046013	0.059512	-0.003668	0.066376
0.067100	47.617331	0.029319	0.992068	0.058062	-0.000768	0.062993
0.067200	45.349706	4.167541	1.217758	0.055162	0.003098	0.071048
0.067300	51.198135	10.643714	1.059029	0.062089	0.009059	0.065410
0.067400	49.658140	12.353911	1.107359	0.060156	0.010670	0.066537
0.067500	51.333610	15.830563	1.016966	0.062089	0.013891	0.062671
0.067600	44.614095	16.435798	1.211042	0.053873	0.014536	0.068148
0.067700	50.168819	26.871333	0.912470	0.060317	0.024202	0.055583
0.067800	43.299402	31.809457	1.215932	0.051779	0.028874	0.064926
0.067900	46.624739	32.716489	1.113310	0.055807	0.029679	0.061704
0.068000	46.338433	36.876954	1.249287	0.055323	0.033545	0.066698
0.068100	43.729330	38.196485	1.023831	0.052101	0.034834	0.055583
0.068200	41.584960	41.992342	1.265428	0.049363	0.038378	0.064443
0.068300	45.415768	47.061397	1.190774	0.053873	0.043050	0.061865
0.068400	44.826721	49.811879	1.115462	0.053068	0.045628	0.057838
0.068500	45.759515	60.206736	1.136513	0.053873	0.055294	0.057194
0.068600	39.578514	56.151234	1.338664	0.046463	0.051588	0.064121
0.068700	46.302952	60.746396	1.256227	0.054518	0.055777	0.062510
0.068800	43.230956	64.502416	1.250199	0.050651	0.059321	0.060255
0.068900	38.892587	65.297919	1.243637	0.045335	0.060127	0.057999
0.069000	44.046272	70.401348	1.301260	0.051457	0.064798	0.061704
0.069100	39.480125	67.556189	1.247711	0.045980	0.062221	0.057999
0.069200	39.489510	67.905434	1.278863	0.045980	0.062543	0.059288
0.069300	33.198480	64.707841	1.430043	0.038408	0.059643	0.063799
0.069400	39.207666	62.191242	1.260598	0.045818	0.057227	0.059449
0.069500	36.773938	60.070669	1.196958	0.042919	0.055294	0.056066
0.069600	37.593097	56.088892	1.034292	0.044046	0.051588	0.050105
0.069700	33.966875	53.790035	1.104079	0.039697	0.049494	0.052039
0.069800	37.950022	49.526529	1.080502	0.044691	0.045467	0.053488
0.069900	35.763848	41.707935	1.075302	0.042274	0.038217	0.053811
0.070000	35.061861	35.112097	0.956949	0.041630	0.032096	0.049622
0.070100	30.552449	29.343063	1.057450	0.036314	0.026779	0.053166
0.070200	30.562338	19.650217	0.989421	0.036636	0.017758	0.052039
0.070300	26.899234	15.960810	0.997803	0.032286	0.014375	0.051555
0.070400	26.590202	9.208341	0.979029	0.032125	0.008092	0.051877
0.070500	30.780503	2.845345	0.687927	0.037441	0.002131	0.042212
0.070600	29.595848	-2.022330	0.630038	0.036153	-0.002379	0.040117
0.070700	24.830503	-7.456256	0.663853	0.030514	-0.007373	0.040601
0.070800	24.984634	-11.619062	0.525430	0.030836	-0.011240	0.035445
0.070900	25.551804	-15.227146	0.675291	0.031642	-0.014623	0.042856
0.071000	21.796708	-22.390845	0.550612	0.027292	-0.021228	0.037217
0.071100	22.434975	-28.267438	0.492999	0.028259	-0.026705	0.036090
0.071200	18.955586	-35.057918	0.593970	0.024231	-0.032988	0.040278
0.071300	18.385929	-41.649903	0.492934	0.023748	-0.039110	0.036895
0.071400	17.689717	-48.060527	0.494255	0.023104	-0.045070	0.037862
0.071500	18.357816	-57.767775	0.181931	0.024231	-0.054092	0.026424
0.071600	13.833746	-59.042846	0.253693	0.018754	-0.055220	0.027874
0.071700	12.994078	-60.800086	0.113001	0.017787	-0.056831	0.021752
0.071800	12.120272	-58.897513	0.248622	0.016660	-0.055059	0.026907
0.071900	11.958280	-59.963855	-0.007143	0.016499	-0.056025	0.015953
0.072000	14.504370	-53.526140	-0.029984	0.019398	-0.050064	0.014825
0.072100	9.951409	-50.832628	-0.048558	0.013760	-0.047487	0.011603
0.072200	10.872022	-45.966606	0.034180	0.014726	-0.042976	0.014664
0.072300	1.995311	-41.948428	0.107820	0.003772	-0.039110	0.013375
0.072400	6.253097	-40.696953	-0.154723	0.008927	-0.037982	0.003548
0.072500	5.382321	-38.636023	-0.163390	0.007799	-0.036049	0.002420
0.072600	0.938267	-36.811392	-0.238808	0.002322	-0.034277	-0.003057
0.072700	-1.513575	-34.600519	-0.227794	-0.000739	-0.032183	-0.004024
0.072800	-2.876210	-31.158780	-0.188559	-0.002511	-0.028961	-0.003540
0.072900	-2.136204	-28.056077	-0.409018	-0.001706	-0.026061	-0.013367
0.073000	-6.870715	-22.240307	-0.311985	-0.007666	-0.020584	-0.012240
0.073100	-5.832816	-17.903757	-0.351601	-0.006538	-0.016556	-0.014334
0.073200	-8.709264	-6.699874	-0.286432	-0.010405	-0.006085	-0.014817
0.073300	-10.300683	-1.885129	-0.317090	-0.012499	-0.001574	-0.017717
0.073400	-10.088646	6.238905	-0.402940	-0.012499	0.005998	-0.022872
0.073500	-15.853954	13.068555	-0.380733	-0.019749	0.012442	-0.025611
0.073600	-14.560701	17.064324	-0.409430	-0.018299	0.016147	-0.027061
0.073700	-18.458946	19.580540	-0.572625	-0.023132	0.018563	-0.036243
0.073800	-17.177181	28.101291	-0.325203	-0.021843	0.026457	-0.026577
0.073900	-20.765426	27.332424	-0.524190	-0.026192	0.025813	-0.036565
0.074000	-15.552478	34.688923	-0.431382	-0.020071	0.032579	-0.031732
0.074100	-20.705030	34.748818	-0.741708	-0.026354	0.032740	-0.047359
0.074200	-29.511859	41.381416	-0.482763	-0.037308	0.039023	-0.041076
0.074300	-16.598436	40.191849	-0.583277	-0.021521	0.037734	-0.039787
0.074400	-21.319474	46.654282	-0.933276	-0.027481	0.043856	-0.058153
0.074500	-22.035656	44.556946	-1.035754	-0.028287	0.041923	-0.062502
0.074600	-32.168354	56.020698	-0.687324	-0.041014	0.052716	-0.053803
0.074700	-26.164376	53.195708	-0.486400	-0.033603	0.049977	-0.042043
0.074800	-31.840125	48.405304	-0.786618	-0.040369	0.045628	-0.056542
0.074900	-30.454530	45.831760	-0.796304	-0.038597	0.043211	-0.055897
0.075000	-31.808205	44.595078	-0.840569	-0.040208	0.042084	-0.058153
0.075100	-29.984238	38.572870	-0.813669	-0.037792	0.036445	-0.055092
0.075200	-37.551245	27.168590	-1.224513	-0.046652	0.025974	-0.073940
0.075300	-29.697041	29.397601	-0.937894	-0.037147	0.027907	-0.058636
0.075400	-34.133889	26.397938	-0.829836	-0.042463	0.025168	-0.055253
0.075500	-33.851966	22.065877	-0.951648	-0.041980	0.021141	-0.059602
0.075600	-39.730793	14.520028	-1.102004	-0.048907	0.014214	-0.067174
0.075700	-36.544231	15.102712	-0.970544	-0.045041	0.014697	-0.060247
0.075800	-38.870613	6.945772	-0.879220	-0.047619	0.007125	-0.055736
0.075900	-44.618194	4.416689	-1.042601	-0.054546	0.004870	-0.064758
0.076000	-38.237078	5.917683	-0.882371	-0.046813	0.006159	-0.055414
0.076100	-35.325333	-3.911161	-1.038564	-0.042947	-0.003024	-0.059119
0.076200	-38.178972	-11.934616	-1.253741	-0.046169	-0.010434	-0.068141
0.076300	-45.165713	-21.537914	-1.052910	-0.054385	-0.019295	-0.060569
0.076400	-41.306478	-20.441980	-1.081841	-0.049713	-0.018328	-0.060408
0.076500	-36.722061	-26.950258	-1.161832	-0.043913	-0.024450	-0.060730
0.076600	-40.024439	-32.012600	-1.103417	-0.047780	-0.029122	-0.058636
0.076700	-45.715865	-32.447727	-1.094760	-0.054707	-0.029444	-0.060569
0.076800	-43.082472	-37.780857	-1.221382	-0.051324	-0.034438	-0.063952
0.076900	-44.414671	-38.292569	-0.943100	-0.052935	-0.034921	-0.052353
0.077000	-40.059812	-38.411901	-1.093584	-0.047619	-0.035082	-0.057025
0.077100	-42.037714	-38.272005	-1.110982	-0.050035	-0.034921	-0.058636
0.077200	-41.941183	-39.648109	-1.050971	-0.049874	-0.036210	-0.055736
0.077300	-42.774226	-41.211812	-0.990199	-0.050840	-0.037660	-0.053159
0.077400	-44.812125	-38.308669	-1.039665	-0.053418	-0.034921	-0.056703
0.077500	-42.491415	-35.488163	-0.878991	-0.050679	-0.032344	-0.049292
0.077600	-41.493736	-37.727049	-0.939220	-0.049391	-0.034438	-0.051064
0.077700	-41.556724	-35.121779	-0.823280	-0.049552	-0.032021	-0.046554
0.077800	-40.797369	-31.314912	-0.925669	-0.048746	-0.028477	-0.051386
0.077900	-40.340536	-34.068113	-0.856521	-0.048102	-0.031055	-0.047681
0.078000	-42.531407	-26.990815	-0.656030	-0.051002	-0.024450	-0.041237
0.078100	-35.811736	-22.571032	-0.761479	-0.042947	-0.020422	-0.043815
0.078200	-38.754626	-18.971405	-0.624490	-0.046652	-0.017039	-0.039787
0.078300	-38.496205	-14.129948	-0.680386	-0.046491	-0.012529	-0.043009
0.078400	-40.338710	-8.803959	-0.747283	-0.048907	-0.007535	-0.047681
0.078500	-38.558693	-1.472750	-0.368605	-0.046974	-0.000768	-0.031894
0.078600	-35.030586	2.186701	-0.650831	-0.042786	0.002615	-0.043332
0.078700	-36.892145	6.682702	-0.371780	-0.045202	0.006803	-0.032860
0.078800	-33.227518	10.515711	-0.669444	-0.040852	0.010347	-0.044943
0.078900	-34.027714	15.197869	-0.425886	-0.041980	0.014697	-0.035599
0.079000	-32.482255	18.693366	-0.310530	-0.040208	0.017919	-0.030605
0.079100	-32.722641	19.566715	-0.189212	-0.040530	0.018724	-0.025611
0.079200	-29.251670	26.017407	-0.228390	-0.036503	0.024685	-0.027061
0.079300	-31.392546	24.952655	-0.160223	-0.039080	0.023718	-0.024805
0.079400	-30.586692	30.501585	-0.147750	-0.038275	0.028874	-0.024966
0.079500	-30.398053	32.600909	0.056476	-0.038114	0.030807	-0.016428
0.079600	-26.816705	33.173590	0.027974	-0.033764	0.031290	-0.016267
0.079700	-24.421211	33.890374	-0.099912	-0.030864	0.031934	-0.020939
0.079800	-24.666097	34.590993	0.024419	-0.031187	0.032579	-0.015784
0.079900	-22.852405	33.234343	0.008415	-0.028931	0.031290	-0.015462
0.080000	-26.249458	34.589767	0.259027	-0.033120	0.032579	-0.006279
0.080100	-22.448866	33.438684	0.254395	-0.028448	0.031451	-0.004668
0.080200	-19.316525	31.946326	0.399705	-0.024581	0.030001	0.003226
0.080300	-18.112698	27.598114	-0.024711	-0.022971	0.025974	-0.013851
0.080400	-16.450120	25.410272	0.313939	-0.020876	0.023880	0.001937
0.080500	-16.764619	23.499119	0.278989	-0.021198	0.022107	0.000648
0.080600	-15.419207	19.374021	0.326162	-0.019426	0.018241	0.004031
0.080700	-11.436291	15.108246	0.280279	-0.014432	0.014214	0.004515
0.080800	-10.360966	10.793632	0.206604	-0.012982	0.010186	0.002581
0.080900	-7.160635	1.850147	0.207537	-0.008794	0.001809	0.005642
0.081000	-3.610588	1.215603	0.218716	-0.004444	0.001165	0.007737
0.081100	-2.675083	-8.457079	0.204988	-0.002994	-0.007857	0.009348
0.081200	-1.607481	-8.081167	0.333782	-0.001706	-0.007535	0.015308
0.081300	-4.863552	-16.426842	0.414714	-0.005411	-0.015267	0.019013
0.081400	2.515798	-22.054094	0.058734	0.003772	-0.020584	0.007737
0.081500	5.999210	-25.271281	0.196901	0.008121	-0.023644	0.015791
0.081600	-0.116911	-26.890013	0.539039	0.000711	-0.025094	0.028357
0.081700	5.355736	-29.750087	0.477370	0.007477	-0.027833	0.028518
0.081800	8.589236	-32.315834	0.256556	0.011505	-0.030249	0.020785
0.081900	8.721025	-32.317277	0.221825	0.011666	-0.030249	0.019336
0.082000	10.669908	-33.642079	0.498253	0.014082	-0.031538	0.032385
0.082100	10.451051	-36.938037	0.437805	0.013921	-0.034599	0.030290
0.082200	14.776696	-33.220662	0.601517	0.019076	-0.031216	0.038506
0.082300	16.291759	-35.818347	0.334033	0.021009	-0.033632	0.028035
0.082400	19.098631	-39.586613	0.260812	0.024553	-0.037177	0.026746
0.082500	16.954686	-35.786595	0.543305	0.021815	-0.033632	0.037379
0.082600	15.536400	-34.433895	0.458833	0.020043	-0.032344	0.032868
0.082700	19.137909	-33.149105	0.626474	0.024392	-0.031216	0.041406
0.082800	16.924313	-31.961237	0.745968	0.021654	-0.030088	0.045433
0.082900	26.393461	-28.392278	0.350048	0.033092	-0.026866	0.031579
0.083000	25.013835	-25.631628	0.497997	0.031320	-0.024289	0.036895
0.083100	20.136513	-20.308398	0.876738	0.025198	-0.019295	0.050266
0.083200	28.441012	-15.873014	0.677957	0.035186	-0.015267	0.044306
0.083300	27.399656	-10.325071	0.968477	0.033736	-0.010112	0.055422
0.083400	30.780853	-12.221765	0.500120	0.037925	-0.011884	0.036895
0.083500	28.011405	-7.057653	0.686793	0.034380	-0.007051	0.042856
0.083600	26.758992	-4.471932	0.795588	0.032769	-0.004635	0.046561
0.083700	32.519812	-1.298455	0.489630	0.039697	-0.001735	0.035123
0.083800	31.178730	2.869011	0.858847	0.037925	0.002131	0.049783
0.083900	31.796292	11.345528	0.774310	0.038408	0.010025	0.044789
0.084000	30.819716	19.457956	0.759389	0.036958	0.017597	0.042212
0.084100	35.048289	19.522633	0.737286	0.042113	0.017597	0.043017
0.084200	29.629748	24.456614	0.773951	0.035347	0.022269	0.041406
0.084300	38.374823	30.488401	0.897426	0.045818	0.027746	0.049300
0.084400	36.375198	34.795712	1.043203	0.043241	0.031773	0.053972
0.084500	38.538335	41.745355	1.011420	0.045657	0.038217	0.052200
0.084600	32.362388	37.996729	0.828333	0.038247	0.034834	0.042373
0.084700	30.239547	42.646784	0.961920	0.035508	0.039184	0.046400
0.084800	41.498447	38.829087	0.788023	0.049363	0.035479	0.044306
0.084900	34.001115	44.979001	1.199437	0.040019	0.041278	0.057838
0.085000	35.659880	37.859053	0.661998	0.042274	0.034673	0.036573
0.085100	37.324094	45.862957	0.870031	0.044046	0.042084	0.044789
0.085200	37.525265	43.447512	0.898518	0.044369	0.039828	0.046561
0.085300	37.497265	42.401290	0.819934	0.044369	0.038862	0.043339
0.085400	45.089488	44.777545	0.894170	0.053551	0.040956	0.049300
0.085500	41.166739	41.386930	0.478961	0.048879	0.037895	0.030290
0.085600	46.487575	37.688853	0.705026	0.055484	0.034351	0.043017
0.085700	40.844441	39.142042	0.565288	0.048557	0.035801	0.034318
0.085800	43.452255	32.657672	1.028578	0.051940	0.029679	0.056710
0.085900	41.200542	22.395876	0.820188	0.049524	0.020174	0.048655
0.086000	44.024018	19.304915	0.601076	0.053068	0.017275	0.040923
0.086100	44.889909	12.043967	0.501822	0.054357	0.010508	0.038345
0.086200	41.953222	10.809464	0.725625	0.050812	0.009381	0.047044
0.086300	39.313168	0.878165	0.425798	0.047913	0.000198	0.034801
0.086400	40.827908	-1.851395	0.562846	0.049846	-0.002379	0.041889
0.086500	44.533052	-6.639287	0.528545	0.054518	-0.006890	0.042856
0.086600	40.040746	-6.702592	0.605240	0.049040	-0.006890	0.044306
0.086700	39.359476	-12.452177	0.300804	0.048396	-0.012206	0.031901
0.086800	37.827747	-20.450716	0.124959	0.046785	-0.019617	0.025135
0.086900	42.894080	-18.776183	0.495653	0.052907	-0.018167	0.043017
0.087000	42.048947	-25.739117	0.191273	0.052101	-0.024611	0.030774
0.087100	36.810205	-34.120275	0.231796	0.045980	-0.032344	0.031901
0.087200	37.058508	-39.682260	-0.073401	0.046463	-0.037499	0.019819
0.087300	35.000744	-42.640553	0.071251	0.044046	-0.040237	0.025780
0.087400	41.951285	-44.596853	0.162699	0.052585	-0.042171	0.033029
0.087500	32.627360	-47.520969	0.073138	0.041308	-0.044748	0.025780
0.087600	41.065505	-48.092375	-0.055677	0.051618	-0.045393	0.023846
0.087700	36.075990	-46.955924	-0.009859	0.045496	-0.044265	0.023524
0.087800	36.580921	-47.822702	-0.107695	0.046141	-0.045070	0.019658
0.087900	30.098531	-48.251442	0.087045	0.038247	-0.045393	0.025457
0.088000	32.869809	-43.221915	-0.211656	0.041469	-0.040721	0.012731
0.088100	28.397973	-37.546580	0.164679	0.035830	-0.035405	0.026102
0.088200	30.124094	-42.205548	0.005164	0.038086	-0.039754	0.020785
0.088300	25.736156	-38.287338	0.098066	0.032608	-0.036049	0.022235
0.088400	26.890839	-34.485177	-0.112235	0.033897	-0.032505	0.012892
0.088500	28.803781	-32.039095	-0.168503	0.036153	-0.030249	0.010797
0.088600	23.714357	-24.664796	0.001889	0.029709	-0.023322	0.014664
0.088700	27.470744	-22.383270	-0.258776	0.034219	-0.021228	0.004515
0.088800	21.161214	-16.229694	0.003637	0.026326	-0.015428	0.012086
0.088900	24.208701	-5.798526	0.052672	0.029709	-0.005762	0.013536
0.089000	18.524455	-0.882465	-0.045677	0.022620	-0.001091	0.005964
0.089100	18.147871	4.972706	-0.239698	0.021976	0.004387	-0.003701
0.089200	18.181220	11.223487	-0.008581	0.021815	0.010186	0.005159
0.089300	16.224730	17.239950	-0.071387	0.019237	0.015825	0.000487
0.089400	10.142822	22.009170	0.149385	0.011666	0.020335	0.006609
0.089500	9.402598	24.056552	-0.012983	0.010699	0.022269	-0.001124
0.089600	9.565803	25.263470	-0.076242	0.010860	0.023396	-0.004024
0.089700	8.784971	25.755138	-0.222645	0.009894	0.023880	-0.010790
0.089800	7.870287	26.099349	-0.097083	0.008766	0.024202	-0.005796
0.089900	2.233778	27.746074	-0.035357	0.001839	0.025813	-0.005796
0.090000	4.050808	31.574312	-0.092152	0.003933	0.029357	-0.008212
0.090100	0.814447	34.112065	-0.146453	-9.455420E-5	0.031773	-0.012401
0.090200	0.777062	37.740103	-0.182433	-0.000256	0.035156	-0.014656
0.090300	-1.787993	40.649017	-0.092972	-0.003478	0.037895	-0.012401
0.090400	-0.142819	42.928279	-0.047022	-0.001544	0.039989	-0.010145
0.090500	-3.452016	42.694013	-0.134905	-0.005572	0.039828	-0.015300
0.090600	-4.273224	41.632236	-0.243037	-0.006538	0.038862	-0.020133
0.090700	-3.498592	40.951193	-0.257203	-0.005572	0.038217	-0.020295
0.090800	-6.632492	37.276066	-0.190705	-0.009277	0.034834	-0.018039
0.090900	-7.753386	34.834191	-0.216421	-0.010566	0.032579	-0.019167
0.091000	-7.211727	30.332944	-0.341481	-0.009760	0.028390	-0.023516
0.091100	-11.945192	26.111918	-0.291579	-0.015399	0.024524	-0.022550
0.091200	-11.804211	21.434325	-0.387504	-0.015077	0.020174	-0.025772
0.091300	-14.222895	14.823572	-0.385228	-0.017815	0.014053	-0.025450
0.091400	-15.794267	15.325786	-0.304652	-0.019749	0.014536	-0.022711
0.091500	-15.238608	11.347650	-0.390420	-0.018943	0.010831	-0.025450
0.091600	-14.555001	2.178267	-0.518459	-0.017815	0.002292	-0.028994
0.091700	-20.695821	-0.325682	-0.373168	-0.025226	3.703578E-5	-0.024805
0.091800	-21.833822	-8.473285	-0.375079	-0.026354	-0.007535	-0.023839
0.091900	-20.681393	-14.868924	-0.514247	-0.024743	-0.013495	-0.028188
0.092000	-22.899256	-18.875023	-0.443189	-0.027320	-0.017200	-0.025289
0.092100	-23.285585	-23.548359	-0.415058	-0.027642	-0.021550	-0.023355
0.092200	-24.744169	-28.771852	-0.527580	-0.029253	-0.026383	-0.027866
0.092300	-26.247435	-30.696124	-0.506472	-0.031025	-0.028155	-0.027222
0.092400	-27.079936	-32.254532	-0.393651	-0.031992	-0.029605	-0.022389
0.092500	-26.182166	-33.279075	-0.403063	-0.030864	-0.030572	-0.022228
0.092600	-30.274529	-33.173220	-0.426140	-0.035858	-0.030410	-0.024966
0.092700	-27.628684	-32.974867	-0.588425	-0.032636	-0.030249	-0.030927
0.092800	-33.008990	-31.660601	-0.433989	-0.039241	-0.028961	-0.026738
0.092900	-34.039825	-30.647098	-0.512533	-0.040530	-0.027994	-0.030766
0.093000	-31.874791	-28.702424	-0.435901	-0.037953	-0.026222	-0.026900
0.093100	-33.514733	-30.801767	-0.414226	-0.039886	-0.028155	-0.026255
0.093200	-32.103574	-32.352922	-0.579549	-0.038114	-0.029605	-0.032538
0.093300	-35.679727	-32.746063	-0.487140	-0.042463	-0.029927	-0.029960
0.093400	-36.198426	-32.400127	-0.406289	-0.043108	-0.029605	-0.026738
0.093500	-38.823052	-31.747309	-0.381756	-0.046330	-0.028961	-0.026900
0.093600	-39.623558	-27.068177	-0.167940	-0.047457	-0.024611	-0.018845
0.093700	-34.687980	-25.124668	-0.534403	-0.041497	-0.022839	-0.033021
0.093800	-37.291386	-23.620678	-0.647621	-0.044719	-0.021389	-0.039304
0.093900	-39.972298	-15.144791	-0.224493	-0.048263	-0.013495	-0.023678
0.094000	-41.077440	-11.894178	-0.404138	-0.049713	-0.010434	-0.032538
0.094100	-39.343366	-6.170887	-0.522548	-0.047780	-0.005118	-0.038015
0.094200	-38.885645	1.131623	-0.220380	-0.047457	0.001648	-0.026094
0.094300	-45.550154	3.948315	-0.400074	-0.055673	0.004387	-0.037210
0.094400	-40.788107	4.197732	-0.389381	-0.049874	0.004548	-0.034793
0.094500	-40.223955	10.607151	-0.381995	-0.049391	0.010508	-0.035438
0.094600	-41.153567	10.419172	-0.384952	-0.050518	0.010347	-0.035921
0.094700	-46.200488	9.320712	-0.195865	-0.056640	0.009381	-0.029638
0.094800	-44.801242	12.290378	-0.125964	-0.055029	0.012119	-0.026577
0.094900	-43.256287	20.804462	0.014817	-0.053418	0.020013	-0.021422
0.095000	-43.624683	16.950142	-0.410815	-0.053740	0.016469	-0.039304
0.095100	-35.402765	23.155512	-0.199759	-0.043913	0.022107	-0.027866
0.095200	-42.417879	17.654563	-0.475208	-0.052290	0.017113	-0.041721
0.095300	-38.179883	23.092368	-0.388686	-0.047296	0.022107	-0.037210
0.095400	-41.681638	20.591722	-0.622015	-0.051485	0.019852	-0.048326
0.095500	-34.370137	22.288261	-0.384473	-0.042624	0.021302	-0.035277
0.095600	-35.502247	19.350511	-0.181802	-0.043913	0.018563	-0.026416
0.095700	-40.811249	18.527010	-0.650526	-0.050357	0.017919	-0.048809
0.095800	-35.078185	20.399215	-0.140493	-0.043430	0.019530	-0.024644
0.095900	-34.233577	17.438692	-0.469949	-0.042302	0.016791	-0.038015
0.096000	-42.875343	10.225852	-0.317076	-0.052613	0.010186	-0.033666
0.096100	-39.153865	11.136122	-0.449538	-0.048102	0.010992	-0.038015
0.096200	-33.101712	15.221818	-0.334407	-0.040852	0.014697	-0.031249
0.096300	-33.721478	6.723738	-0.461783	-0.041336	0.006803	-0.035438
0.096400	-27.945536	10.431297	-0.620634	-0.034408	0.010186	-0.040593
0.096500	-33.237573	5.007681	-0.403279	-0.040691	0.005192	-0.032377
0.096600	-26.709223	2.149684	-0.608961	-0.032636	0.002454	-0.038015
0.096700	-26.457789	1.641846	-0.539263	-0.032314	0.001970	-0.034793
0.096800	-27.476880	-1.995836	-0.433626	-0.033442	-0.001413	-0.029960
0.096900	-25.540512	-8.724030	-0.563245	-0.030864	-0.007696	-0.033505
0.097000	-25.233735	-12.169360	-0.473337	-0.030381	-0.010918	-0.028833
0.097100	-28.732746	-14.643147	-0.442705	-0.034570	-0.013173	-0.028511
0.097200	-21.106924	-20.955508	-0.770587	-0.025065	-0.019134	-0.038338
0.097300	-19.897723	-25.251137	-0.678233	-0.023454	-0.023161	-0.033021
0.097400	-18.033883	-24.701314	-0.664180	-0.021198	-0.022678	-0.031732
0.097500	-20.389310	-28.891185	-0.678063	-0.023937	-0.026544	-0.032538
0.097600	-16.794890	-27.804471	-0.756500	-0.019587	-0.025578	-0.034632
0.097700	-17.921729	-25.538418	-0.408731	-0.021037	-0.023483	-0.020456
0.097800	-13.376012	-28.431520	-0.651105	-0.015399	-0.026222	-0.028511
0.097900	-12.113518	-30.661186	-0.661829	-0.013788	-0.028316	-0.028027
0.098000	-17.898421	-29.690324	-0.419479	-0.020876	-0.027350	-0.020133
0.098100	-14.248309	-31.537698	-0.444246	-0.016365	-0.029122	-0.019328
0.098200	-5.272270	-31.752389	-0.550715	-0.005411	-0.029444	-0.020133
0.098300	-5.819819	-32.460997	-0.630238	-0.006055	-0.030088	-0.023678
0.098400	-7.618041	-30.566861	-0.433666	-0.008311	-0.028316	-0.016267
0.098500	-7.595971	-29.707367	-0.489627	-0.008311	-0.027511	-0.018845
0.098600	-6.023440	-25.174728	-0.384914	-0.006538	-0.023322	-0.014495
0.098700	-2.268729	-23.038317	-0.371168	-0.002028	-0.021389	-0.012723
0.098800	-1.138721	-20.249845	-0.340324	-0.000739	-0.018811	-0.011434
0.098900	2.186423	-14.321200	-0.387780	0.003127	-0.013334	-0.013206
0.099000	-0.628326	-10.887424	-0.200718	-0.000417	-0.010112	-0.006923
0.099100	4.509697	-6.323373	-0.342252	0.005705	-0.005924	-0.011756
0.099200	3.508524	-4.247382	-0.182347	0.004416	-0.003990	-0.005635
0.099300	6.552133	-4.029902	-0.218325	0.008121	-0.003829	-0.005957
0.099400	7.711378	-0.183103	0.010071	0.009410	-0.000285	0.003709
0.099500	3.390541	1.298785	-0.053157	0.004094	0.001165	-0.001124
0.099600	9.787371	3.468384	-0.124328	0.011827	0.003098	-0.001929
0.099700	10.775742	5.904514	-0.134517	0.012954	0.005353	-0.002413
0.099800	8.153049	11.599752	0.149660	0.009571	0.010670	0.007737
0.099900	11.673472	14.926602	-0.000135	0.013760	0.013730	0.002098
0.100000	12.872745	20.323441	0.156529	0.015049	0.018724	0.008381
0.100100	18.535821	24.732446	0.109585	0.021815	0.022752	0.007898
0.100200	12.586090	29.504006	0.332803	0.014404	0.027263	0.014180
0.100300	16.121131	33.360020	0.281783	0.018593	0.030807	0.012731
0.100400	18.636733	33.574948	0.302941	0.021654	0.030968	0.014664
0.100500	20.010067	35.518821	0.495018	0.023265	0.032740	0.023202
0.100600	18.886737	33.053113	0.235081	0.021976	0.030485	0.011925
0.100700	19.112297	31.519859	0.430673	0.022298	0.029035	0.020785
0.100800	22.456599	28.103768	0.335187	0.026487	0.025813	0.018691
0.100900	28.133715	28.012757	0.257496	0.033414	0.025652	0.017725
0.101000	27.178113	26.798228	0.369280	0.032286	0.024524	0.022396
0.101100	31.151875	27.208982	0.388308	0.037119	0.024846	0.024813
0.101200	24.955906	27.644416	0.531979	0.029548	0.025329	0.028357
0.101300	28.930171	23.036584	0.525581	0.034542	0.020980	0.030612
0.101400	29.390382	20.445144	0.483901	0.035186	0.018563	0.029485
0.101500	33.142566	17.404612	0.616511	0.039858	0.015664	0.037379
0.101600	33.644970	16.384396	0.711294	0.040502	0.014697	0.041889
0.101700	30.561929	9.727895	0.366739	0.036958	0.008575	0.026907
0.101800	31.945267	1.980056	0.501941	0.038891	0.001326	0.034801
0.101900	32.950732	-0.053945	0.754710	0.040180	-0.000607	0.046561
0.102000	34.197680	-7.845358	0.482228	0.041952	-0.007857	0.036734
0.102100	41.169364	-8.951244	0.428488	0.050490	-0.008984	0.037540
0.102200	33.501545	-14.255226	0.490984	0.041308	-0.013817	0.038023
0.102300	32.627855	-7.328012	0.711514	0.040019	-0.007373	0.045917
0.102400	38.283752	-13.293700	0.697820	0.047107	-0.013012	0.048817
0.102500	31.965108	-12.510226	0.881350	0.039375	-0.012206	0.053972
0.102600	36.654821	-20.051415	0.833037	0.045335	-0.019295	0.055260
0.102700	43.464318	-17.202029	0.578699	0.053551	-0.016717	0.046561
0.102800	36.983049	-22.643304	0.807499	0.045818	-0.021711	0.054777
0.102900	37.279011	-26.451876	0.728697	0.046302	-0.025255	0.052200
0.103000	45.091499	-30.684206	0.415435	0.055968	-0.029283	0.042695
0.103100	42.409004	-32.270838	0.538623	0.052746	-0.030733	0.047206
0.103200	38.279668	-33.685138	0.880981	0.047752	-0.032021	0.060577
0.103300	41.534310	-35.400470	0.514980	0.051779	-0.033632	0.046400
0.103400	39.411547	-35.773164	0.582247	0.049201	-0.033955	0.048494
0.103500	42.628558	-33.991577	0.592235	0.053068	-0.032344	0.049944
0.103600	39.113522	-32.113490	0.898282	0.048718	-0.030572	0.061382
0.103700	39.039138	-24.853631	0.863501	0.048396	-0.023805	0.058482
0.103800	43.444918	-33.105935	0.669920	0.054034	-0.031538	0.053488
0.103900	39.252337	-26.765259	0.741673	0.048718	-0.025578	0.053649
0.104000	35.489361	-24.216439	0.878347	0.044046	-0.023161	0.057516
0.104100	39.222789	-22.803108	0.588135	0.048557	-0.021872	0.046239
0.104200	35.463888	-20.085718	0.680899	0.043885	-0.019295	0.048172
0.104300	38.445489	-17.124661	0.419530	0.047429	-0.016556	0.037540
0.104400	34.220588	-12.129896	0.868577	0.042113	-0.011884	0.054294
0.104500	37.174421	-10.212791	0.550931	0.045657	-0.010112	0.041406
0.104600	34.465008	-7.811549	0.773389	0.042274	-0.007857	0.049461
0.104700	35.827101	-6.235079	0.755861	0.043885	-0.006407	0.048978
0.104800	33.540861	-2.793834	0.934119	0.040985	-0.003185	0.055099
0.104900	33.504145	11.016493	0.674578	0.040502	0.009703	0.041245
0.105000	28.700486	14.225031	0.656944	0.034542	0.012764	0.037862
0.105100	37.062068	15.739946	0.645671	0.044691	0.014053	0.040601
0.105200	32.320005	21.353099	0.452013	0.038730	0.019369	0.029163
0.105300	24.175835	17.967791	0.746695	0.028903	0.016308	0.039151
0.105400	27.781340	24.443899	0.936747	0.033092	0.022269	0.047689
0.105500	27.327191	17.305041	0.542340	0.032769	0.015664	0.031740
0.105600	35.264323	22.790975	0.526337	0.042274	0.020658	0.033351
0.105700	30.387171	23.221062	0.411918	0.036314	0.021141	0.026263
0.105800	23.677968	24.184621	0.726372	0.028098	0.022107	0.036895
0.105900	22.581657	22.626829	0.886349	0.026809	0.020658	0.043661
0.106000	26.763243	26.096878	0.340534	0.031803	0.023880	0.021108
0.106100	23.345216	26.732249	0.316931	0.027614	0.024524	0.018530
0.106200	22.555643	26.752254	0.636853	0.026648	0.024524	0.032062
0.106300	24.009304	21.751845	0.563981	0.028581	0.019852	0.030451
0.106400	22.003247	20.844005	0.453128	0.026164	0.019047	0.024974
0.106500	19.191724	14.391018	0.366979	0.022942	0.013086	0.021269
0.106600	19.965195	18.722131	0.315035	0.023748	0.017113	0.018530
0.106700	14.297658	14.140774	0.368711	0.016982	0.012925	0.019336
0.106800	10.590878	3.713414	0.459873	0.012793	0.003259	0.023685
0.106900	9.460134	5.941259	0.432147	0.011343	0.005353	0.021591
0.107000	10.082932	-0.472820	0.193967	0.012310	-0.000607	0.012731
0.107100	13.508024	-0.781644	0.025656	0.016499	-0.000930	0.006931
0.107200	12.789044	-3.035066	0.089774	0.015693	-0.003024	0.009831
0.107300	6.374643	-5.891428	0.213892	0.007960	-0.005601	0.013053
0.107400	12.524655	-3.040125	0.081163	0.015371	-0.003024	0.009348
0.107500	8.465062	-6.736174	0.085925	0.010538	-0.006407	0.008542
0.107600	7.417972	-11.420078	0.112978	0.009410	-0.010757	0.010153
0.107700	7.235571	-13.329647	0.073039	0.009249	-0.012529	0.008703
0.107800	0.081062	-14.137493	0.045943	0.000550	-0.013173	0.004676
0.107900	-0.188135	-19.341814	-0.063151	0.000389	-0.018006	0.000809
0.108000	-1.913714	-19.701056	0.074657	-0.001706	-0.018328	0.006126
0.108100	-0.534283	-17.440093	-0.018125	-9.455420E-5	-0.016234	0.002259
0.108200	-1.671881	-30.478569	-0.490889	-0.001061	-0.028316	-0.016267
0.108300	-5.580105	-23.422617	-0.232971	-0.006055	-0.021711	-0.008051
0.108400	-9.394233	-27.813610	-0.296774	-0.010566	-0.025739	-0.011595
0.108500	-3.439462	-22.360134	-0.323445	-0.003478	-0.020745	-0.011273
0.108600	-7.750411	-25.547588	-0.380946	-0.008633	-0.023644	-0.014978
0.108700	-3.770320	-19.793969	-0.550715	-0.003961	-0.018328	-0.021744
0.108800	-11.234598	-17.314461	-0.519712	-0.013144	-0.015912	-0.024000
0.108900	-18.889631	-17.212404	-0.025145	-0.022487	-0.015751	-0.005796
0.109000	-13.229220	-17.853006	-0.402372	-0.015560	-0.016395	-0.019650
0.109100	-14.150723	-17.704223	-0.496863	-0.016688	-0.016234	-0.024161
0.109200	-12.771136	-20.465252	-0.648530	-0.014916	-0.018811	-0.029638
0.109300	-21.311356	-18.700688	-0.677092	-0.025387	-0.017039	-0.034793
0.109400	-17.310058	-17.248251	-0.624095	-0.020554	-0.015751	-0.031088
0.109500	-18.263828	-18.316151	-0.771850	-0.021682	-0.016717	-0.037693
0.109600	-20.389661	-13.824074	-0.490256	-0.024420	-0.012529	-0.027222
0.109700	-19.950502	-12.112819	-0.739833	-0.023937	-0.010918	-0.038176
0.109800	-22.041810	-11.276773	-0.697375	-0.026515	-0.010112	-0.037371
0.109900	-25.090693	-6.651045	-0.658983	-0.030381	-0.005762	-0.037854
0.110000	-25.123346	-7.871511	-0.749425	-0.030381	-0.006890	-0.041559
0.110100	-24.447734	-7.329511	-0.627265	-0.029576	-0.006407	-0.036082
0.110200	-24.626717	-9.076942	-0.774315	-0.029737	-0.008018	-0.042204
0.110300	-28.645703	-11.217276	-0.785518	-0.034570	-0.009951	-0.043976
0.110400	-24.737982	-13.254642	-1.018011	-0.029737	-0.011884	-0.052031
0.110500	-31.478795	-13.501335	-0.693619	-0.037953	-0.012045	-0.040754
0.110600	-33.743931	-14.233558	-0.738022	-0.040691	-0.012690	-0.043493
0.110700	-29.553166	-15.568509	-0.910756	-0.035536	-0.013978	-0.048970
0.110800	-31.696516	-16.657473	-1.080526	-0.038114	-0.014945	-0.057025
0.110900	-35.632817	-15.672004	-0.982383	-0.042947	-0.013978	-0.054608
0.111000	-36.307076	-16.200764	-0.974421	-0.043752	-0.014462	-0.054447
0.111100	-37.363553	-16.210407	-0.904764	-0.045041	-0.014462	-0.051870
0.111200	-35.034733	-18.076645	-0.909380	-0.042141	-0.016234	-0.050742
0.111300	-36.070647	-17.241548	-1.040677	-0.043430	-0.015428	-0.057025
0.111400	-40.235344	-19.902795	-1.049004	-0.048424	-0.017845	-0.058636
0.111500	-40.243028	-20.235395	-0.916574	-0.048424	-0.018167	-0.052836
0.111600	-42.259837	-21.634569	-0.754426	-0.050840	-0.019456	-0.046392
0.111700	-45.883107	-23.775826	-0.836364	-0.055190	-0.021389	-0.051064
0.111800	-39.280839	-23.851212	-0.904367	-0.047135	-0.021550	-0.051225
0.111900	-43.919862	-24.445264	-0.921459	-0.052774	-0.022033	-0.053803
0.112000	-39.081447	-21.260554	-0.973142	-0.046974	-0.019134	-0.054608
0.112100	-45.787970	-15.118539	-0.762681	-0.055351	-0.013334	-0.049453
0.112200	-42.595349	-14.219143	-0.919799	-0.051485	-0.012529	-0.055092
0.112300	-39.436981	-14.684573	-0.885512	-0.047619	-0.013012	-0.052192
0.112400	-43.216432	-7.659570	-0.952312	-0.052451	-0.006407	-0.057991
0.112500	-44.685036	-3.320200	-0.573683	-0.054385	-0.002379	-0.043009
0.112600	-45.844862	-2.149168	-0.784090	-0.055835	-0.001252	-0.052836
0.112700	-44.282140	-2.993440	-0.825179	-0.053901	-0.002057	-0.053803
0.112800	-42.820642	2.387274	-0.868100	-0.052290	0.002937	-0.056058
0.112900	-45.391667	10.132586	-0.843146	-0.055673	0.010186	-0.057508
0.113000	-44.470590	15.003147	-0.715794	-0.054707	0.014697	-0.052514
0.113100	-45.997320	22.252772	-0.625054	-0.056801	0.021463	-0.050581
0.113200	-46.973857	25.342073	-0.710013	-0.058090	0.024363	-0.055253
0.113300	-43.378084	26.442027	-0.658327	-0.053740	0.025329	-0.051709
0.113400	-42.745284	30.430255	-0.658360	-0.053096	0.029035	-0.052192
0.113500	-48.184736	34.516091	-0.454200	-0.059862	0.032901	-0.046392
0.113600	-43.520342	36.130642	-0.611334	-0.054224	0.034351	-0.051548
0.113700	-42.931180	38.404800	-0.451113	-0.053579	0.036445	-0.044781
0.113800	-45.153929	39.245692	-0.340463	-0.056318	0.037251	-0.041076
0.113900	-42.786241	33.894641	-0.602100	-0.053257	0.032257	-0.050420
0.114000	-43.408458	35.290890	-0.381909	-0.054062	0.033545	-0.041398
0.114100	-47.799039	34.031021	-0.181296	-0.059379	0.032418	-0.034310
0.114200	-40.982372	27.032231	-0.329632	-0.050840	0.025813	-0.036565
0.114300	-43.662068	20.578180	-0.446795	-0.053901	0.019852	-0.041559
0.114400	-41.039544	19.776085	-0.237813	-0.050679	0.019047	-0.031249
0.114500	-34.423776	10.171883	-0.462367	-0.042302	0.010025	-0.036404
0.114600	-36.116415	1.117595	-0.789879	-0.044074	0.001648	-0.049614
0.114700	-34.568595	-5.410843	-0.595250	-0.041980	-0.004474	-0.039304
0.114800	-36.014199	-10.249909	-0.330866	-0.043591	-0.008984	-0.027544
0.114900	-33.748908	-14.539678	-0.345348	-0.040691	-0.013012	-0.026416
0.115000	-33.621577	-24.760483	-0.520860	-0.040208	-0.022517	-0.032055
0.115100	-31.402903	-20.746440	-0.513845	-0.037630	-0.018811	-0.031571
0.115200	-30.966438	-24.342490	-0.225154	-0.036986	-0.022194	-0.018200
0.115300	-26.107666	-35.514295	-0.283373	-0.030703	-0.032666	-0.016589
0.115400	-29.680982	-40.774476	-0.427597	-0.034892	-0.037499	-0.023355
0.115500	-22.824921	-41.334624	-0.199118	-0.026515	-0.038143	-0.010468
0.115600	-24.286650	-51.741113	-0.252260	-0.027965	-0.047809	-0.011434
0.115700	-25.114135	-52.993022	-0.528396	-0.028931	-0.048937	-0.023516
0.115800	-22.019968	-50.993758	-0.059146	-0.025226	-0.047165	-0.002252
0.115900	-18.448545	-55.799122	-0.244603	-0.020715	-0.051675	-0.007890
0.116000	-18.723633	-61.189793	-0.484525	-0.020876	-0.056669	-0.017395
0.116100	-24.659985	-50.877669	-0.207744	-0.028448	-0.047004	-0.009823
0.116200	-11.763438	-47.723686	-0.114634	-0.012821	-0.044265	-0.000963
0.116300	-13.844125	-41.502785	0.151700	-0.015560	-0.038465	0.008542
0.116400	-16.552944	-38.967019	-0.004350	-0.018943	-0.036049	0.000165
0.116500	-6.254763	-34.131019	0.024576	-0.006538	-0.031699	0.004837
0.116600	-11.760412	-27.471310	0.036100	-0.013466	-0.025416	0.001776
0.116700	-7.265348	-22.228792	-0.137152	-0.008149	-0.020584	-0.004829
0.116800	-7.413896	-17.882663	0.102356	-0.008472	-0.016556	0.004676
0.116900	-6.489674	-12.852612	0.096573	-0.007505	-0.011884	0.003870
0.117000	-2.582974	-10.005157	0.275448	-0.002833	-0.009307	0.012731
0.117100	-3.398949	-5.863510	0.308697	-0.003961	-0.005440	0.013053
0.117200	-3.687536	-1.725365	0.225326	-0.004444	-0.001574	0.008542
0.117300	-2.479574	4.013910	0.346222	-0.003155	0.003742	0.013214
0.117400	2.001064	13.752661	0.166538	0.002000	0.012764	0.005481
0.117500	6.021402	20.929740	0.381619	0.006672	0.019369	0.015147
0.117600	5.227302	30.952494	0.414073	0.005383	0.028712	0.014342
0.117700	5.548942	38.214456	0.338300	0.005544	0.035479	0.009831
0.117800	10.655741	46.595543	0.317638	0.011505	0.043211	0.009509
0.117900	13.605718	53.241003	0.574238	0.014888	0.049333	0.020624
0.118000	14.274666	53.589088	0.491216	0.015693	0.049655	0.017241
0.118100	17.346004	54.850141	0.507796	0.019398	0.050783	0.019013
0.118200	14.243018	52.378457	0.497436	0.015693	0.048528	0.017725
0.118300	17.373231	50.865293	0.438269	0.019559	0.047078	0.016758
0.118400	17.990742	49.165572	0.636777	0.020365	0.045467	0.025941
0.118500	18.534952	49.712798	0.830847	0.021009	0.045950	0.034479
0.118600	19.615355	45.576589	0.809926	0.022459	0.042084	0.034801
0.118700	23.995971	46.481538	0.522395	0.027775	0.042889	0.024007
0.118800	22.556618	52.008084	0.664301	0.025842	0.048044	0.028518
0.118900	24.194304	48.933132	0.787515	0.027937	0.045144	0.035123
0.119000	28.629088	46.760391	0.842935	0.033414	0.043050	0.039795
0.119100	31.728350	39.019901	0.783152	0.037441	0.035801	0.039956
0.119200	30.358536	32.086948	0.855637	0.035991	0.029357	0.043823
0.119300	34.109562	24.011562	0.802958	0.040824	0.021785	0.044628
0.119400	32.165592	10.313893	0.777420	0.038891	0.009059	0.045272
0.119500	35.789019	-2.613851	0.652962	0.043724	-0.003024	0.043823
0.119600	37.261761	-11.936248	0.598379	0.045818	-0.011723	0.043823
0.119700	40.831933	-21.906072	0.654472	0.050490	-0.021067	0.049622
0.119800	38.003611	-29.038257	0.695626	0.047268	-0.027672	0.051555
0.119900	37.430693	-35.790868	0.716572	0.046785	-0.033955	0.053488
0.120000	40.370088	-39.553389	0.679258	0.050490	-0.037499	0.053811
0.120100	45.257877	-44.516782	0.435766	0.056612	-0.042171	0.046239
0.120200	44.180684	-45.372680	0.691507	0.055323	-0.042976	0.057033
0.120300	45.501899	-50.378078	0.590164	0.057095	-0.047648	0.054133
0.120400	48.782090	-51.199869	0.502801	0.061123	-0.048453	0.051877
0.120500	48.556131	-59.846257	0.556795	0.061123	-0.056508	0.055744
0.120600	52.688173	-58.405477	0.474681	0.066117	-0.055220	0.053649
0.120700	49.691374	-61.901372	0.581507	0.062573	-0.058442	0.057677
0.120800	57.237485	-66.286903	0.504303	0.071916	-0.062630	0.058321
0.120900	51.737151	-69.493529	0.443376	0.065311	-0.065530	0.053972
0.121000	49.668996	-72.810902	0.460215	0.062895	-0.068591	0.054455
0.121100	48.079976	-72.996207	0.586303	0.060962	-0.068752	0.059288
0.121200	51.644178	-73.106127	0.651644	0.065311	-0.068913	0.063638
0.121300	53.938602	-71.186350	0.463043	0.068050	-0.067141	0.056066
0.121400	50.451039	-63.114983	0.435105	0.063539	-0.059569	0.051877
0.121500	52.547502	-58.748362	0.526592	0.065956	-0.055542	0.055905
0.121600	52.820077	-53.382280	0.524858	0.066117	-0.050548	0.054938
0.121700	51.452982	-50.112893	0.570823	0.064345	-0.047487	0.055744
0.121800	52.795878	-39.192065	0.597608	0.065634	-0.037338	0.055422
0.121900	52.522489	-34.519081	0.668780	0.065150	-0.032988	0.057516
0.122000	55.385063	-26.022071	0.436221	0.068372	-0.025094	0.047044
0.122100	53.959363	-19.975818	0.583959	0.066439	-0.019456	0.051716
0.122200	50.358703	-11.205276	0.645620	0.061767	-0.011240	0.051233
0.122300	49.072979	-9.846453	0.600772	0.060156	-0.009951	0.048494
0.122400	48.825965	0.880369	0.668136	0.059512	3.703578E-5	0.049300
0.122500	52.532049	6.277415	0.436298	0.063861	0.005031	0.039795
0.122600	55.356141	13.239516	0.424181	0.067083	0.011475	0.039151
0.122700	50.951250	26.524025	0.777027	0.061284	0.023880	0.050105
0.122800	52.206458	39.164905	0.722904	0.062412	0.035640	0.045917
0.122900	49.202180	50.537666	0.767742	0.058384	0.046272	0.044467
0.123000	51.556018	64.759035	0.776708	0.060801	0.059482	0.043178
0.123100	53.399190	79.662346	0.767555	0.062573	0.073337	0.040762
0.123200	51.117694	93.454450	0.678342	0.059351	0.086224	0.033351
0.123300	47.301788	94.069560	0.517278	0.054679	0.086869	0.024652
0.123400	48.565015	96.870587	0.650948	0.056129	0.089446	0.030451
0.123500	45.216099	100.112812	0.738294	0.051940	0.092507	0.032223
0.123600	49.972369	100.177015	0.629314	0.057740	0.092507	0.029485
0.123700	46.131983	94.756823	0.654228	0.053229	0.087513	0.029968
0.123800	46.296425	95.975846	0.709938	0.053390	0.088641	0.032223
0.123900	38.399746	92.044114	0.695105	0.043885	0.085097	0.029001
0.124000	40.163600	88.784019	0.678785	0.046141	0.082036	0.029646
0.124100	39.399899	94.852944	0.946569	0.045013	0.087674	0.039795
0.124200	39.456997	87.037819	0.626048	0.045335	0.080425	0.027390
0.124300	38.204855	84.602683	0.687111	0.043885	0.078170	0.029968
0.124400	31.331870	74.306640	0.861546	0.035830	0.068665	0.036573
0.124500	35.683314	58.954655	0.596906	0.041630	0.054327	0.029807
0.124600	33.185827	44.361272	0.353583	0.039052	0.040795	0.020947
0.124700	39.538557	29.741747	0.176786	0.047268	0.027102	0.018691
0.124800	28.633980	11.772372	0.360810	0.034542	0.010508	0.025457
0.124900	26.740545	-0.015042	0.402508	0.032608	-0.000446	0.028679
0.125000	32.129178	-11.166136	0.465607	0.039536	-0.010918	0.035768
0.125100	22.067505	-22.065669	0.304105	0.027614	-0.020906	0.026585
0.125200	23.908348	-32.431429	0.137381	0.030192	-0.030572	0.022074
0.125300	33.145993	-37.691803	-0.301912	0.041630	-0.035566	0.007898
0.125400	23.557125	-50.802133	-0.165369	0.030353	-0.047648	0.012247
0.125500	22.861840	-52.180173	-0.001066	0.029548	-0.048937	0.019336
0.125600	25.460942	-63.902013	-0.013756	0.033092	-0.059891	0.022074
0.125700	19.244026	-79.385617	0.072424	0.026003	-0.074229	0.026102
0.125800	16.397529	-87.081769	-0.327232	0.022781	-0.081317	0.009025
0.125900	20.154987	-94.965510	-0.197036	0.027614	-0.088728	0.017725
0.126000	15.044192	-103.514411	-0.125030	0.021654	-0.096622	0.020302
0.126100	18.689625	-110.431064	-0.673404	0.026326	-0.103066	-0.000641
0.126200	8.581748	-118.174979	-0.411995	0.014243	-0.110154	0.007898
0.126300	7.918923	-118.334445	-0.175840	0.013438	-0.110315	0.017886
0.126400	8.415527	-119.411404	-0.638723	0.014082	-0.111282	-0.001768
0.126500	-0.593684	-115.527441	-0.162996	0.002966	-0.107576	0.014342
0.126600	4.842002	-114.755316	-0.219750	0.009571	-0.106932	0.014019
0.126700	2.521562	-112.549669	-0.280644	0.006672	-0.104838	0.009992
0.126800	3.407046	-103.904819	-0.452529	0.007477	-0.096783	0.001293
0.126900	1.382180	-100.488021	-0.555648	0.004899	-0.093561	-0.004668
0.127000	-0.893462	-96.556955	-0.665262	0.002000	-0.089856	-0.011112
0.127100	-8.377606	-94.915379	-0.366385	-0.007183	-0.088245	-0.001607
0.127200	-7.815001	-83.497586	-0.433953	-0.006861	-0.077612	-0.006440
0.127300	-9.537357	-83.696581	-0.421845	-0.008955	-0.077773	-0.006601
0.127400	-8.020232	-76.098356	-0.779051	-0.007344	-0.070685	-0.022872
0.127500	-12.128467	-66.615609	-0.438087	-0.012660	-0.061825	-0.011595
0.127600	-15.937518	-55.757682	-0.227869	-0.017654	-0.051675	-0.006118
0.127700	-15.910396	-44.544302	-0.521558	-0.017976	-0.041204	-0.020939
0.127800	-20.599994	-31.978473	-0.388336	-0.024098	-0.029444	-0.019489
0.127900	-20.808953	-19.720904	-0.582309	-0.024743	-0.018006	-0.030283
0.128000	-21.657971	-1.732992	-0.455413	-0.026354	-0.001252	-0.028511
0.128100	-27.628563	12.366661	-0.347746	-0.034086	0.011958	-0.028994
0.128200	-24.664457	24.688721	-0.401220	-0.030864	0.023396	-0.032377
0.128300	-24.042436	38.361095	-0.418733	-0.030542	0.036123	-0.035438
0.128400	-23.829742	46.491559	-0.441381	-0.030542	0.043695	-0.037854
0.128500	-34.037672	50.136332	-0.430789	-0.043108	0.047239	-0.042365
0.128600	-35.460807	56.336401	-0.471953	-0.045041	0.053038	-0.045909
0.128700	-36.810835	65.311138	-0.453511	-0.046974	0.061415	-0.047359
0.128800	-31.046767	73.539896	-0.373420	-0.040208	0.068987	-0.043009
0.128900	-35.456622	81.623630	-0.135930	-0.045846	0.076559	-0.036082
0.129000	-37.132350	88.320188	-0.358325	-0.048102	0.082841	-0.047681
0.129100	-40.272530	94.501938	-0.312320	-0.052129	0.088641	-0.048164
0.129200	-40.161962	98.672828	-0.135544	-0.052129	0.092507	-0.041237
0.129300	-40.525975	100.013609	-0.501587	-0.052613	0.093796	-0.057508
0.129400	-42.916507	104.497601	-0.258346	-0.055673	0.097985	-0.048809
0.129500	-40.002855	99.839647	-0.592887	-0.051968	0.093635	-0.061213
0.129600	-44.647899	98.929261	-0.317684	-0.057607	0.092830	-0.051064
0.129700	-48.031687	95.777104	-0.172173	-0.061634	0.089930	-0.045587
0.129800	-46.594900	90.096742	-0.125178	-0.059701	0.084614	-0.041882
0.129900	-50.899842	82.073267	-0.114454	-0.064695	0.077203	-0.041721
0.130000	-47.368949	75.712945	-0.276512	-0.060184	0.071242	-0.046070
0.130100	-48.987399	69.443917	-0.440321	-0.061956	0.065443	-0.052675
0.130200	-47.190929	62.380404	-0.443673	-0.059540	0.058838	-0.050742
0.130300	-48.064385	54.239373	-0.422103	-0.060345	0.051266	-0.048648
0.130400	-47.184417	47.502292	-0.474629	-0.059057	0.044983	-0.049292
0.130500	-45.999991	37.297184	-0.660314	-0.057284	0.035479	-0.054931
0.130600	-48.194043	29.144098	-0.551672	-0.059701	0.027907	-0.049614
0.130700	-49.596857	15.963770	-0.676844	-0.060990	0.015664	-0.053159
0.130800	-54.177133	2.418506	-0.494074	-0.066145	0.003098	-0.044620
0.130900	-49.068975	-14.304691	-0.753392	-0.059379	-0.012529	-0.050581
0.131000	-49.378392	-26.084449	-0.883100	-0.059379	-0.023483	-0.054125
0.131100	-47.614034	-39.386636	-0.998600	-0.056801	-0.035888	-0.055897
0.131200	-51.012128	-53.111941	-1.069635	-0.060506	-0.048615	-0.057830
0.131300	-49.819839	-68.134913	-1.008642	-0.058573	-0.062630	-0.051870
0.131400	-50.091795	-73.494942	-0.947424	-0.058734	-0.067624	-0.048326
0.131500	-49.272636	-77.476720	-1.110090	-0.057607	-0.071329	-0.054286
0.131600	-47.053418	-83.504391	-1.198538	-0.054707	-0.076968	-0.056058
0.131700	-49.293892	-88.375280	-1.123567	-0.057284	-0.081479	-0.052836
0.131800	-50.825003	-91.344261	-1.166172	-0.059057	-0.084217	-0.054770
0.131900	-46.228521	-92.324837	-1.319004	-0.053418	-0.085184	-0.059280
0.132000	-44.801391	-93.333588	-1.255429	-0.051646	-0.086150	-0.055736
0.132100	-45.020363	-96.630681	-1.327030	-0.051807	-0.089211	-0.058314
0.132200	-43.268731	-95.372981	-1.137869	-0.049713	-0.088084	-0.049614
0.132300	-42.073710	-95.041259	-1.463915	-0.048263	-0.087761	-0.063308
0.132400	-41.505690	-93.617516	-1.158507	-0.047619	-0.086473	-0.050098
0.132500	-42.098579	-91.033334	-1.167603	-0.048424	-0.084056	-0.051225
0.132600	-39.822111	-89.804102	-1.340434	-0.045685	-0.082928	-0.057991
0.132700	-39.251759	-83.205307	-1.172479	-0.045202	-0.076807	-0.051709
0.132800	-42.231956	-75.976886	-1.064033	-0.049068	-0.070041	-0.049614
0.132900	-41.070493	-71.979674	-1.057999	-0.047780	-0.066335	-0.049614
0.133000	-36.279081	-65.518441	-1.199120	-0.042141	-0.060375	-0.054931
0.133100	-36.326045	-57.218034	-1.211084	-0.042463	-0.052642	-0.057025
0.133200	-37.733828	-45.458108	-1.009078	-0.044558	-0.041687	-0.051064
0.133300	-35.772634	-36.100585	-1.143704	-0.042463	-0.032988	-0.057830
0.133400	-36.118087	-24.145045	-0.884246	-0.043269	-0.021872	-0.048970
0.133500	-31.368791	-14.230774	-1.080640	-0.037792	-0.012690	-0.057347
0.133600	-28.749789	0.003221	-0.988709	-0.035053	0.000520	-0.054931
0.133700	-34.917800	11.531508	-0.622661	-0.042947	0.011314	-0.043815
0.133800	-30.187893	20.741236	-0.940841	-0.037469	0.019852	-0.057347
0.133900	-28.226404	29.972936	-0.611450	-0.035375	0.028390	-0.043976
0.134000	-29.875616	42.595996	-0.388507	-0.037792	0.040150	-0.037371
0.134100	-22.847842	48.735665	-0.638163	-0.029414	0.045789	-0.046392
0.134200	-23.964510	56.510882	-0.545406	-0.031025	0.053038	-0.044298
0.134300	-25.698070	65.991873	-0.591673	-0.033442	0.061899	-0.048809
0.134400	-25.333076	69.812903	-0.493205	-0.033120	0.065443	-0.045104
0.134500	-24.496710	76.432644	-0.160493	-0.032314	0.071565	-0.031571
0.134600	-20.905460	77.488338	-0.543787	-0.027965	0.072531	-0.046876
0.134700	-19.932844	84.278989	-0.252538	-0.026998	0.078814	-0.035116
0.134800	-16.858282	80.676786	-0.435412	-0.023132	0.075431	-0.041076
0.134900	-15.233746	82.110551	-0.195943	-0.021198	0.076720	-0.030283
0.135000	-16.249112	78.638034	-0.167675	-0.022326	0.073498	-0.028833
0.135100	-14.188625	71.704647	-0.633870	-0.019587	0.067054	-0.046876
0.135200	-9.790658	68.013264	-0.198144	-0.014110	0.063510	-0.025450
0.135300	-8.087858	62.353849	0.013608	-0.011855	0.058193	-0.014495
0.135400	-14.439077	51.870604	-0.033379	-0.019265	0.048528	-0.017234
0.135500	-5.318136	42.121871	-0.368307	-0.007827	0.039345	-0.026094
0.135600	-3.908653	35.402096	-0.332975	-0.005894	0.033062	-0.022711
0.135700	-2.651909	27.835239	-0.099135	-0.004122	0.025974	-0.010629
0.135800	-0.073859	25.439601	-0.245966	-0.000900	0.023718	-0.015462
0.135900	2.093689	17.361855	-0.075190	0.002000	0.016147	-0.005635
0.136000	0.186175	10.074078	-0.006464	-9.455420E-5	0.009381	-0.002090
0.136100	-4.578397	4.647718	0.101707	-0.005733	0.004387	0.001615
0.136200	4.060327	-3.497162	0.306131	0.005061	-0.003346	0.015630
0.136300	7.376437	-18.008376	-0.034039	0.009571	-0.016878	0.004998
0.136400	8.521220	-24.736237	-0.037059	0.011182	-0.023161	0.006609
0.136500	7.962070	-35.991512	-0.072884	0.010860	-0.033632	0.006931
0.136600	7.160045	-46.526497	0.208947	0.010216	-0.043459	0.020785
0.136700	13.373781	-56.320287	-0.116594	0.018110	-0.052642	0.011120
0.136800	14.944367	-61.982421	0.088994	0.020204	-0.057958	0.021752
0.136900	14.305701	-66.285470	0.396192	0.019559	-0.061986	0.035606
0.137000	16.738580	-69.196724	0.304286	0.022620	-0.064724	0.033190
0.137100	19.462379	-71.071073	0.158297	0.026003	-0.066496	0.028357
0.137200	18.817319	-70.541884	0.360093	0.025198	-0.066013	0.036734
0.137300	22.088783	-71.706489	0.304781	0.029225	-0.067141	0.035929
0.137400	23.781385	-72.699589	0.481064	0.031320	-0.068107	0.044467
0.137500	24.318119	-72.354223	0.391878	0.031964	-0.067785	0.040762
0.137600	27.197478	-68.330370	0.392535	0.035347	-0.064080	0.041245
0.137700	32.669272	-66.175262	0.322830	0.041952	-0.062147	0.040117
0.137800	26.827829	-62.278635	0.429720	0.034703	-0.058442	0.041567
0.137900	27.079571	-57.759942	0.602916	0.034864	-0.054253	0.048333
0.138000	25.522236	-51.710733	0.800257	0.032769	-0.048615	0.055099
0.138100	30.303644	-45.604797	0.568500	0.038408	-0.042976	0.045917
0.138200	31.826878	-37.946803	0.798702	0.040019	-0.035888	0.055099
0.138300	29.329038	-27.426066	0.890697	0.036636	-0.026061	0.056066
0.138400	31.891500	-20.313316	0.699657	0.039536	-0.019456	0.047528
0.138500	33.483650	-10.050359	1.022220	0.041147	-0.009951	0.060255
0.138600	34.327869	-2.967655	0.803098	0.041952	-0.003346	0.049783
0.138700	34.824921	5.878086	0.966615	0.042274	0.004870	0.055422
0.138800	36.378101	14.730065	1.027014	0.043885	0.013086	0.057033
0.138900	32.952197	20.054450	1.191008	0.039536	0.018080	0.061704
0.139000	35.356495	26.138309	1.112262	0.042274	0.023718	0.058160
0.139100	36.157771	36.537257	1.194069	0.042919	0.033384	0.060093
0.139200	40.270579	42.298512	1.078794	0.047752	0.038701	0.055744
0.139300	36.585208	52.818235	1.345816	0.042919	0.048528	0.063799
0.139400	38.310013	58.193415	1.207408	0.044852	0.053522	0.057516
0.139500	40.755343	65.837150	1.153593	0.047591	0.060610	0.054777
0.139600	40.792301	72.251960	1.296188	0.047429	0.066571	0.059771
0.139700	39.052838	76.394247	1.479614	0.045174	0.070437	0.066215
0.139800	39.341825	77.412238	1.239643	0.045496	0.071403	0.055744
0.139900	39.356018	77.937241	1.297524	0.045496	0.071887	0.058160
0.140000	42.064025	75.393531	1.375501	0.048879	0.069470	0.063154
0.140100	39.968103	71.032205	1.336063	0.046463	0.065443	0.061382
0.140200	39.526315	64.271721	1.259076	0.046141	0.059160	0.059127
0.140300	45.745516	59.683625	1.097221	0.053873	0.054810	0.055583
0.140400	39.294542	55.439741	1.189678	0.046141	0.050944	0.057677
0.140500	39.624511	52.864875	1.331440	0.046624	0.048528	0.064443
0.140600	43.379030	44.952385	1.179086	0.051457	0.041117	0.060899
0.140700	40.403838	37.287940	1.111582	0.048074	0.034029	0.058160
0.140800	43.738639	28.497964	0.900035	0.052423	0.025813	0.052039
0.140900	36.022182	21.302263	1.077466	0.043241	0.019208	0.057838
0.141000	37.070744	10.930027	0.970422	0.044852	0.009542	0.055583
0.141100	39.750868	2.317726	0.907213	0.048396	0.001487	0.055583
0.141200	41.037174	-9.082433	0.860317	0.050329	-0.009146	0.056227
0.141300	40.385722	-18.791521	0.735444	0.049846	-0.018167	0.052361
0.141400	37.769014	-27.850843	0.502342	0.046946	-0.026544	0.042856
0.141500	36.899902	-30.797152	0.579784	0.045980	-0.029283	0.046400
0.141600	36.361608	-36.310004	0.880778	0.045496	-0.034438	0.060255
0.141700	40.125281	-48.899024	0.663513	0.050490	-0.046198	0.054777
0.141800	37.112124	-52.941106	0.504264	0.046946	-0.049903	0.047367
0.141900	40.144013	-53.224417	0.648343	0.050651	-0.050226	0.054938
0.142000	34.980479	-58.681631	0.514955	0.044530	-0.055220	0.048011
0.142100	37.705942	-65.563219	0.455076	0.048074	-0.061664	0.047850
0.142200	37.979640	-70.233176	0.413646	0.048557	-0.066013	0.047044
0.142300	37.243414	-73.041486	0.126179	0.047752	-0.068591	0.034801
0.142400	33.312387	-76.899225	0.221909	0.043080	-0.072135	0.038023
0.142500	34.532495	-80.702007	0.056132	0.044691	-0.075679	0.032062
0.142600	34.841450	-78.973799	-0.006284	0.045013	-0.074068	0.029163
0.142700	30.904764	-77.992113	0.054681	0.040180	-0.073101	0.029968
0.142800	28.575133	-76.133819	-0.018776	0.037280	-0.071329	0.025457
0.142900	29.761528	-76.272625	0.132657	0.038730	-0.071491	0.032546
0.143000	26.182242	-66.649398	0.071437	0.034058	-0.062469	0.026585
0.143100	26.647221	-64.041954	0.126523	0.034542	-0.060053	0.028679
0.143200	28.326609	-55.374740	0.051106	0.036314	-0.051998	0.024491
0.143300	24.662072	-49.031133	0.069443	0.031642	-0.046037	0.022558
0.143400	25.164952	-39.870950	-0.077924	0.031964	-0.037499	0.014664
0.143500	26.512579	-33.798626	-0.105601	0.033414	-0.031860	0.012892
0.143600	24.109066	-24.675555	-0.165508	0.030192	-0.023322	0.007575
0.143700	21.536482	-17.074223	0.145009	0.026809	-0.016234	0.018530
0.143800	18.394022	-10.914792	-0.028334	0.022781	-0.010434	0.008542
0.143900	22.073536	-1.526467	-0.127442	0.026970	-0.001735	0.004031
0.144000	19.129912	7.089477	0.012665	0.023104	0.006320	0.007253
0.144100	5.361853	16.036245	-0.012238	0.006027	0.014858	-0.001285
0.144200	14.033473	24.313465	0.091926	0.016337	0.022430	0.005320
0.144300	8.412834	26.630308	-0.062878	0.009410	0.024685	-0.004185
0.144400	13.752722	38.832733	0.038507	0.015532	0.035962	0.000165
0.144500	12.331767	45.182836	-0.228736	0.013599	0.041923	-0.013206
0.144600	5.016423	53.367007	-0.252552	0.004416	0.049655	-0.018845
0.144700	4.411775	65.497028	0.062202	0.003289	0.060932	-0.007729
0.144800	4.377303	69.282287	-0.129219	0.003127	0.064476	-0.016750
0.144900	2.295495	75.492217	0.029299	0.000389	0.070276	-0.011917
0.145000	3.237599	76.188553	-0.073446	0.001516	0.070920	-0.016106
0.145100	-0.695827	82.354369	-0.060706	-0.003478	0.076720	-0.018361
0.145200	-4.054746	80.217792	-0.137752	-0.007505	0.074787	-0.022711
0.145300	-5.100161	80.702509	-0.311353	-0.008794	0.075270	-0.030766
0.145400	0.591032	81.135366	-0.342317	-0.001867	0.075592	-0.029799
0.145500	-9.272735	77.706771	-0.205839	-0.013788	0.072531	-0.027383
0.145600	-12.542870	73.989583	-0.532153	-0.017654	0.069148	-0.042204
0.145700	-5.224781	70.855776	-0.170620	-0.008633	0.066087	-0.022872
0.145800	-5.999836	61.485649	-0.344861	-0.009277	0.057388	-0.028994
0.145900	-13.332361	48.892821	-0.573573	-0.017815	0.045789	-0.039626
0.146000	-8.873844	47.595840	-0.414250	-0.012338	0.044500	-0.030605
0.146100	-13.654193	36.605463	-0.590144	-0.017815	0.034351	-0.038176
0.146200	-15.611738	22.388844	-0.614078	-0.019749	0.021141	-0.037371
0.146300	-16.873535	19.601815	-0.610191	-0.021198	0.018563	-0.037210
0.146400	-16.553762	6.622750	-0.725165	-0.020393	0.006481	-0.039626
0.146500	-18.030883	0.703037	-0.877683	-0.022004	0.001004	-0.045748
0.146600	-15.297905	-5.976312	-0.650589	-0.018460	-0.005279	-0.033505
0.146700	-20.552659	-14.900252	-0.842683	-0.024581	-0.013495	-0.042365
0.146800	-18.551988	-24.220854	-0.961837	-0.021843	-0.022194	-0.044943
0.146900	-20.941281	-29.771767	-0.747138	-0.024581	-0.027350	-0.035599
0.147000	-19.420262	-37.334699	-0.515841	-0.022487	-0.034438	-0.023516
0.147100	-17.904115	-44.945297	-0.752983	-0.020393	-0.041526	-0.031732
0.147200	-20.983871	-51.569643	-0.781527	-0.023937	-0.047648	-0.033021
0.147300	-21.272572	-57.479642	-1.023563	-0.024098	-0.053125	-0.042526
0.147400	-24.404926	-61.139638	-0.808354	-0.027803	-0.056508	-0.033827
0.147500	-24.846906	-67.902014	-0.903930	-0.028126	-0.062791	-0.036888
0.147600	-26.869798	-74.512934	-0.964953	-0.030381	-0.068913	-0.039143
0.147700	-23.923107	-72.923133	-1.098120	-0.026837	-0.067463	-0.043976
0.147800	-27.293126	-75.554450	-0.935624	-0.030864	-0.069880	-0.037854
0.147900	-30.840969	-79.921848	-0.808645	-0.035053	-0.073907	-0.033021
0.148000	-31.184009	-82.884519	-0.974228	-0.035375	-0.076646	-0.039787
0.148100	-29.940092	-80.787279	-0.954910	-0.033925	-0.074712	-0.038821
0.148200	-29.918021	-79.927785	-1.010871	-0.033925	-0.073907	-0.041398
0.148300	-33.471487	-74.431874	-0.841183	-0.038436	-0.068752	-0.036565
0.148400	-28.778166	-66.738518	-0.756751	-0.032959	-0.061664	-0.032377
0.148500	-34.286070	-70.276609	-0.674095	-0.039564	-0.064885	-0.030444
0.148600	-33.731496	-59.194822	-0.642693	-0.039241	-0.054575	-0.030927
0.148700	-33.853308	-53.686106	-0.881562	-0.039564	-0.049420	-0.042365
0.148800	-33.242115	-45.529327	-0.707265	-0.039080	-0.041848	-0.036082
0.148900	-29.029553	-35.960422	-0.814472	-0.034247	-0.032988	-0.040754
0.149000	-34.605758	-27.026908	-0.543426	-0.041336	-0.024611	-0.033021
0.149100	-35.994253	-19.458231	-0.738816	-0.043269	-0.017523	-0.043493
0.149200	-36.344206	-7.675422	-0.476346	-0.044074	-0.006568	-0.034471
0.149300	-35.808169	-2.313360	-0.558696	-0.043591	-0.001574	-0.038821
0.149400	-36.919642	5.641398	-0.402032	-0.045202	0.005837	-0.033988
0.149500	-37.732355	9.943670	-0.490765	-0.046330	0.009864	-0.038982
0.149600	-35.541681	17.934995	-0.488579	-0.043913	0.017275	-0.039465
0.149700	-40.115244	24.806893	-0.236161	-0.049713	0.023718	-0.031732
0.149800	-39.414185	31.393652	-0.207034	-0.049068	0.029840	-0.031410
0.149900	-40.019992	38.488820	-0.077569	-0.050035	0.036445	-0.027383
0.150000	-35.423433	42.532505	-0.149210	-0.044558	0.040150	-0.029316
0.150100	-36.413043	50.131279	-0.110478	-0.046008	0.047239	-0.029477
0.150200	-39.179269	55.455638	-0.049505	-0.049552	0.052233	-0.028994
0.150300	-34.951546	60.535497	-0.079643	-0.044558	0.056905	-0.029477
0.150400	-39.561411	66.022520	0.167137	-0.050357	0.062060	-0.021744
0.150500	-38.128894	70.218706	0.386964	-0.048746	0.065926	-0.012401
0.150600	-37.897931	68.995733	0.230777	-0.048424	0.064798	-0.018845
0.150700	-34.104892	67.642034	-0.064546	-0.043752	0.063510	-0.029799
0.150800	-35.453680	66.581866	-0.074646	-0.045363	0.062543	-0.030605
0.150900	-34.517713	66.960733	0.103750	-0.044235	0.062865	-0.022550
0.151000	-33.918894	59.539775	0.173635	-0.043269	0.055938	-0.017878
0.151100	-32.870950	54.184991	0.080862	-0.041819	0.050944	-0.020456
0.151200	-33.080538	51.237144	0.040412	-0.041980	0.048205	-0.021744
0.151300	-30.777513	43.322742	0.095370	-0.038919	0.040795	-0.016911
0.151400	-34.017212	35.652104	0.008104	-0.042624	0.033707	-0.020617
0.151500	-33.563795	27.713260	0.110606	-0.041819	0.026296	-0.014495
0.151600	-27.338933	18.285739	-0.016484	-0.033925	0.017436	-0.015623
0.151700	-26.600293	11.199342	-0.080301	-0.032797	0.010831	-0.016750
0.151800	-24.672305	4.131739	-0.144409	-0.030220	0.004226	-0.017395
0.151900	-27.788401	-3.877860	-0.182308	-0.033764	-0.003185	-0.018845
0.152000	-28.911048	-11.489113	-0.014805	-0.034892	-0.010273	-0.010629
0.152100	-26.087416	-19.602065	-0.292802	-0.031187	-0.017845	-0.019972
0.152200	-24.963156	-27.174289	-0.091150	-0.029576	-0.024933	-0.009340
0.152300	-20.356940	-32.825721	-0.253127	-0.023776	-0.030249	-0.013367
0.152400	-24.487165	-39.272226	-0.070033	-0.028609	-0.036210	-0.005957
0.152500	-22.241456	-44.268429	-0.224891	-0.025709	-0.040882	-0.010790
0.152600	-19.177877	-48.364237	-0.157071	-0.021843	-0.044748	-0.005796
0.152700	-18.343751	-51.813446	-0.187501	-0.020715	-0.047970	-0.006118
0.152800	-16.042120	-54.717962	-0.192627	-0.017815	-0.050709	-0.004829
0.152900	-17.733174	-58.733235	-0.293955	-0.019749	-0.054414	-0.009179
0.153000	-12.287020	-62.624778	-0.289214	-0.012982	-0.058119	-0.005957
0.153100	-10.705876	-62.773965	-0.301461	-0.011049	-0.058280	-0.005796
0.153200	-12.332011	-64.352089	-0.259083	-0.012982	-0.059730	-0.004346
0.153300	-11.853456	-61.225695	-0.205601	-0.012499	-0.056831	-0.002413
0.153400	-8.143929	-60.818486	-0.180313	-0.007988	-0.056508	0.000165
0.153500	-8.458622	-57.708026	-0.160096	-0.008472	-0.053609	0.000326
0.153600	-9.747724	-56.510963	-0.094116	-0.010083	-0.052481	0.002420
0.153700	-5.127935	-51.596435	-0.110185	-0.004605	-0.047970	0.002742
0.153800	-7.038468	-48.866709	-0.183934	-0.007022	-0.045393	-0.001768
0.153900	-1.394084	-40.131933	-0.211990	-0.000417	-0.037338	-0.002252
0.154000	1.809081	-33.848438	-0.152668	0.003289	-0.031538	0.000487
0.154100	-3.979264	-22.864234	-0.093688	-0.004122	-0.021228	-0.001446
0.154200	0.380363	-17.784682	-0.147405	0.001033	-0.016556	-0.002896
0.154300	-1.530223	-10.160678	0.283159	-0.001544	-0.009468	0.013536
0.154400	4.071943	-2.868656	-0.319354	0.005061	-0.002702	-0.011595
0.154500	1.157865	6.808641	0.048048	0.001194	0.006320	0.001293
0.154600	2.054784	10.799280	0.030601	0.002161	0.010025	0.000165
0.154700	3.707835	13.413034	-0.037291	0.004094	0.012442	-0.002574
0.154800	2.565680	25.190123	0.292294	0.002322	0.023396	0.009025
0.154900	4.962449	30.942896	0.360850	0.005061	0.028712	0.011925
0.155000	12.227077	36.045941	0.085833	0.013760	0.033384	0.002098
0.155100	1.017897	41.765949	0.248893	-9.455420E-5	0.038862	0.003387
0.155200	12.694505	43.829571	0.014620	0.014082	0.040634	-0.002252
0.155300	9.881782	42.388362	-0.113024	0.010699	0.039345	-0.008695
0.155400	8.597062	48.780525	0.012545	0.008927	0.045306	-0.004990
0.155500	10.899929	55.935125	0.273899	0.011505	0.051911	0.005964
0.155600	10.918854	51.611623	0.277317	0.011666	0.047883	0.006931
0.155700	18.328265	57.226501	-0.089801	0.020526	0.053038	-0.006923
0.155800	14.209590	56.173930	0.406395	0.015532	0.052072	0.013053
0.155900	12.450391	54.584765	0.360818	0.013438	0.050622	0.010636
0.156000	10.364240	50.576468	0.389709	0.011021	0.046917	0.011764
0.156100	19.305770	49.123153	0.014346	0.021976	0.045467	-0.000479
0.156200	19.860447	50.030216	0.343665	0.022620	0.046272	0.013858
0.156300	24.185360	38.669888	0.215473	0.028259	0.035640	0.012247
0.156400	20.699731	36.713159	0.225912	0.024070	0.033868	0.011603
0.156500	19.677612	27.893617	0.402082	0.023104	0.025652	0.020463
0.156600	19.545862	22.871933	0.366776	0.023104	0.020980	0.019819
0.156700	20.420133	15.950394	0.202012	0.024392	0.014536	0.014342
0.156800	24.164842	7.684497	-0.022389	0.029225	0.006803	0.007737
0.156900	21.285354	3.530661	0.400076	0.025842	0.002937	0.025618
0.157000	21.590933	-4.949901	0.300977	0.026487	-0.004957	0.023041
0.157100	23.582798	-14.614074	0.206438	0.029225	-0.013978	0.021591
0.157200	28.612380	-19.223612	0.018850	0.035508	-0.018328	0.016436
0.157300	28.372691	-23.366958	0.133332	0.035347	-0.022194	0.022074
0.157400	26.031304	-32.056844	0.088703	0.032769	-0.030249	0.020785
0.157500	27.751133	-37.034793	0.195458	0.035025	-0.034921	0.027068
0.157600	25.217342	-42.966041	0.094009	0.032125	-0.040399	0.022719
0.157700	28.714445	-45.663144	0.241725	0.036475	-0.042976	0.031096
0.157800	30.555480	-51.003508	0.167346	0.038891	-0.047970	0.029646
0.157900	28.974028	-55.880853	0.076094	0.037119	-0.052481	0.025941
0.158000	26.919603	-58.677763	0.106201	0.034703	-0.055059	0.026907
0.158100	28.454248	-60.569014	-0.020908	0.036636	-0.056831	0.022396
0.158200	31.344113	-61.208450	0.044960	0.040180	-0.057475	0.026585
0.158300	29.985036	-62.755413	0.352474	0.038569	-0.058925	0.039634
0.158400	32.497391	-62.572262	0.061338	0.041630	-0.058764	0.028035
0.158500	31.568398	-62.754188	0.117866	0.040502	-0.058925	0.030129
0.158600	29.138781	-59.682308	0.087791	0.037441	-0.056025	0.027229
0.158700	32.965786	-54.779174	0.083069	0.041952	-0.051514	0.027713
0.158800	31.654497	-49.419235	0.267612	0.040180	-0.046520	0.034157
0.158900	32.463265	-48.736588	0.050888	0.041147	-0.045876	0.024974
0.159000	31.948137	-43.203495	0.113256	0.040341	-0.040721	0.026424
0.159100	29.113381	-35.456810	0.192801	0.036636	-0.033471	0.027229
0.159200	31.329101	-26.576862	0.425296	0.039052	-0.025255	0.036573
0.159300	31.728657	-21.387980	0.362101	0.039375	-0.020422	0.033029
0.159400	32.022529	-15.169970	0.230051	0.039536	-0.014623	0.026263
0.159500	29.833684	-7.944152	0.189592	0.036636	-0.007857	0.022235
0.159600	27.179921	1.569634	0.609512	0.033092	0.001004	0.037540
0.159700	28.033602	9.002340	0.428977	0.033897	0.007931	0.028679
0.159800	31.911490	15.819134	0.524951	0.038408	0.014214	0.033190
0.159900	31.290329	22.377950	0.485003	0.037441	0.020335	0.029968
0.160000	26.066565	29.728724	0.444753	0.030836	0.027263	0.024652
0.160100	28.466711	35.643257	0.402481	0.033575	0.032740	0.022719
0.160200	24.256906	41.300575	0.560642	0.028259	0.038056	0.026746
0.160300	29.249565	45.347119	0.455444	0.034219	0.041761	0.023524
0.160400	26.643284	51.717771	0.575141	0.030836	0.047722	0.026424
0.160500	29.047002	52.772451	0.366873	0.033736	0.048689	0.018208
0.160600	23.077495	56.835686	0.431126	0.026326	0.052555	0.017725
0.160700	27.185829	62.295739	0.756857	0.031158	0.057549	0.032546
0.160800	19.632343	61.328192	0.922478	0.021976	0.056744	0.036734
0.160900	22.914251	60.651894	0.564423	0.026003	0.056099	0.022719
0.161000	25.127228	59.457974	0.385444	0.028742	0.054971	0.016114
0.161100	21.515779	57.689793	0.568877	0.024392	0.053360	0.022880
0.161200	20.761426	54.060575	0.716584	0.023587	0.049977	0.029646
0.161300	20.991447	52.699674	0.905446	0.023909	0.048689	0.038184
0.161400	18.187491	46.578152	0.675713	0.020687	0.043050	0.028196
0.161500	17.029870	37.723737	0.529708	0.019559	0.034834	0.023041
0.161600	19.539311	37.749667	0.394014	0.022620	0.034834	0.018208
0.161700	17.631217	30.456216	0.406973	0.020526	0.028068	0.019336
0.161800	18.415041	25.099022	0.331614	0.021654	0.023074	0.017402
0.161900	15.164474	21.959419	0.579951	0.017787	0.020174	0.027390
0.162000	12.516272	11.690980	0.367941	0.014888	0.010670	0.019013
0.162100	21.055371	4.891940	0.214932	0.025520	0.004226	0.017241
0.162200	14.335277	0.467996	0.279485	0.017465	0.000198	0.018047
0.162300	17.595875	-11.236089	0.338510	0.021815	-0.010757	0.024169
0.162400	12.332123	-15.481986	0.226198	0.015532	-0.014623	0.017886
0.162500	15.538306	-24.239500	0.354240	0.019721	-0.022839	0.026424
0.162600	13.622929	-31.732919	0.102533	0.017626	-0.029766	0.016114
0.162700	11.288258	-35.076157	-0.093715	0.014888	-0.032827	0.007253
0.162800	6.471206	-42.560537	0.195606	0.009249	-0.039754	0.019174
0.162900	9.857585	-49.430044	0.151675	0.013599	-0.046198	0.019980
0.163000	11.471035	-53.385674	0.122654	0.015693	-0.049903	0.020141
0.163100	6.818128	-54.501702	0.077424	0.010055	-0.050870	0.016436
0.163200	8.524164	-54.848517	-0.197042	0.012149	-0.051192	0.005320
0.163300	4.725584	-58.701267	-0.072842	0.007638	-0.054736	0.009831
0.163400	2.831178	-55.427624	0.097179	0.005222	-0.051675	0.015791
0.163500	1.943374	-59.071666	0.119752	0.004255	-0.055059	0.017080
0.163600	-0.313884	-64.492903	-0.112248	0.001678	-0.060053	0.007092
0.163700	5.326104	-61.082077	0.234381	0.008444	-0.056992	0.023846
0.163800	-3.784393	-60.892045	0.119054	-0.002672	-0.056669	0.014986
0.163900	0.116663	-58.099821	-0.244865	0.002000	-0.054092	0.000326
0.164000	5.237772	-54.216101	-0.270249	0.008121	-0.050548	0.000648
0.164100	0.692868	-51.315055	0.050199	0.002483	-0.047809	0.012086
0.164200	-5.000840	-46.748996	-0.086737	-0.004605	-0.043459	0.002904
0.164300	0.772279	-43.069052	-0.516985	0.002322	-0.040076	-0.014012
0.164400	-2.222473	-36.497887	-0.065605	-0.001544	-0.033955	0.003065
0.164500	-0.874189	-25.395627	0.043676	-0.000256	-0.023644	0.006287
0.164600	-4.586346	-20.805055	-0.160665	-0.004928	-0.019295	-0.004990
0.164700	-8.788700	-14.817406	-0.157241	-0.010244	-0.013656	-0.007729
0.164800	-9.604947	-5.654903	-0.076261	-0.011533	-0.005118	-0.006279
0.164900	-8.862969	-2.532908	-0.107113	-0.010727	-0.002218	-0.007890
0.165000	-9.842383	5.423056	0.040844	-0.012177	0.005192	-0.003379
0.165100	-9.733037	9.710690	-0.335623	-0.012177	0.009220	-0.020456
0.165200	-8.664509	15.119186	-0.043847	-0.011049	0.014214	-0.008373
0.165300	-10.655316	19.898917	-0.356959	-0.013627	0.018724	-0.023678
0.165400	-13.978877	29.056296	0.064192	-0.017976	0.027263	-0.008534
0.165500	-11.865524	34.231720	-0.398464	-0.015560	0.032096	-0.028672
0.165600	-15.546046	34.880569	-0.248507	-0.020071	0.032740	-0.023839
0.165700	-19.133751	44.164008	-0.247933	-0.024743	0.041439	-0.027061
0.165800	-8.460481	48.282437	-0.530498	-0.011855	0.045144	-0.035599
0.165900	-16.322073	50.618508	-0.146913	-0.021521	0.047400	-0.022711
0.166000	-18.375803	52.851911	0.023868	-0.024098	0.049494	-0.016589
0.166100	-10.940788	54.466053	-0.568924	-0.015077	0.050944	-0.039465
0.166200	-19.424157	53.307878	-0.432284	-0.025387	0.049977	-0.036888
0.166300	-22.717305	53.616773	-0.283833	-0.029414	0.050300	-0.031894
0.166400	-19.596707	46.728589	-0.470214	-0.025387	0.043856	-0.037371
0.166500	-19.837673	42.572759	-0.478419	-0.025548	0.039989	-0.037049
0.166600	-21.515321	38.946073	-0.161947	-0.027481	0.036606	-0.023355
0.166700	-17.720311	37.611667	-0.267663	-0.022809	0.035318	-0.026094
0.166800	-22.409713	35.108873	-0.337120	-0.028448	0.033062	-0.030605
0.166900	-26.308860	32.464034	-0.225304	-0.033120	0.030646	-0.026900
0.167000	-23.310705	25.926159	-0.349520	-0.029253	0.024524	-0.029799
0.167100	-24.111866	20.551851	-0.346417	-0.030059	0.019530	-0.028994
0.167200	-23.933461	12.246597	-0.402645	-0.029576	0.011797	-0.029799
0.167300	-18.744747	8.675408	-0.609583	-0.023132	0.008414	-0.035921
0.167400	-20.332413	3.479838	-0.427128	-0.024904	0.003581	-0.027705
0.167500	-23.430629	-3.839971	-0.488233	-0.028448	-0.003185	-0.030283
0.167600	-22.542010	-10.234995	-0.580245	-0.027159	-0.009146	-0.032699
0.167700	-21.709599	-13.829698	-0.339982	-0.026031	-0.012529	-0.021261
0.167800	-23.519990	-17.335550	-0.515998	-0.028126	-0.015751	-0.028994
0.167900	-22.421860	-25.806987	-0.648751	-0.026515	-0.023644	-0.032699
0.168000	-17.864478	-23.305020	-0.566870	-0.021037	-0.021389	-0.027705
0.168100	-22.383198	-29.422542	-0.490085	-0.026354	-0.027027	-0.025127
0.168200	-16.860210	-35.397757	-0.576864	-0.019426	-0.032666	-0.025450
0.168300	-23.188432	-39.988925	-0.516830	-0.026998	-0.036854	-0.024644
0.168400	-20.877494	-37.521447	-0.424484	-0.024259	-0.034599	-0.020133
0.168500	-22.960654	-41.371767	-0.543599	-0.026676	-0.038143	-0.025450
0.168600	-22.944062	-45.846816	-0.328972	-0.026515	-0.042332	-0.015300
0.168700	-23.624328	-46.563060	-0.462990	-0.027320	-0.042976	-0.021261
0.168800	-22.556727	-46.187148	-0.334197	-0.026031	-0.042654	-0.015300
0.168900	-25.181738	-50.561618	-0.420597	-0.029092	-0.046681	-0.019328
0.169000	-24.288816	-46.738792	-0.386699	-0.028126	-0.043137	-0.018200
0.169100	-22.144484	-50.535027	-0.632015	-0.025387	-0.046681	-0.027222
0.169200	-22.636770	-44.134874	-0.551253	-0.026192	-0.040721	-0.025127
0.169300	-24.006546	-46.043944	-0.401295	-0.027803	-0.042493	-0.018845
0.169400	-24.012902	-41.211328	-0.502979	-0.027965	-0.037982	-0.024161
0.169500	-23.447357	-34.788291	-0.361753	-0.027481	-0.032021	-0.019006
0.169600	-24.633327	-34.645323	-0.472290	-0.028931	-0.031860	-0.024322
0.169700	-24.778576	-30.138191	-0.351046	-0.029253	-0.027672	-0.019972
0.169800	-21.498694	-25.939504	-0.394395	-0.025387	-0.023805	-0.021261
0.169900	-18.410250	-18.972722	-0.401620	-0.021843	-0.017362	-0.021583
0.170000	-20.524828	-13.984392	-0.344696	-0.024581	-0.012690	-0.020939
0.170100	-24.197242	-7.975277	-0.212518	-0.029253	-0.007051	-0.017878
0.170200	-19.831994	-2.712024	-0.161432	-0.024098	-0.002218	-0.014817
0.170300	-16.821426	1.304712	-0.251274	-0.020554	0.001487	-0.018200
0.170400	-19.009266	8.540365	-0.195071	-0.023454	0.008253	-0.018039
0.170500	-20.854530	13.710646	-0.091655	-0.025870	0.013086	-0.015300
0.170600	-19.921387	19.085403	-0.110900	-0.024904	0.018080	-0.016750
0.170700	-16.951697	21.543776	-0.210802	-0.021360	0.020335	-0.020295
0.170800	-14.837430	26.599430	-0.149956	-0.018943	0.025007	-0.017717
0.170900	-18.677975	36.248239	0.081354	-0.023937	0.034029	-0.011112
0.171000	-15.434858	34.034007	-0.086002	-0.019910	0.031934	-0.016589
0.171100	-18.956674	35.717043	0.003710	-0.024259	0.033545	-0.014495
0.171200	-13.754967	37.682634	-0.186843	-0.017976	0.035318	-0.020939
0.171300	-12.623876	40.481698	-0.051902	-0.016688	0.037895	-0.015139
0.171400	-14.497370	39.579982	-0.123131	-0.018943	0.037090	-0.018845
0.171500	-13.690665	40.113730	-0.102622	-0.017976	0.037573	-0.017717
0.171600	-10.236336	40.863234	-0.073381	-0.013788	0.038217	-0.015139
0.171700	-12.214084	41.004643	-0.075909	-0.016204	0.038378	-0.016106
0.171800	-12.797084	38.919482	-0.079279	-0.016849	0.036445	-0.016106
0.171900	-11.156137	36.005157	-0.078047	-0.014754	0.033707	-0.014817
0.172000	-11.593581	34.439395	-0.099163	-0.015238	0.032257	-0.015623
0.172100	-10.752868	31.183345	0.068154	-0.014110	0.029196	-0.007407
0.172200	-6.632542	27.099829	0.092341	-0.008955	0.025329	-0.003863
0.172300	-7.029145	22.068546	0.003811	-0.009277	0.020658	-0.006923
0.172400	-5.543681	18.280281	-0.060411	-0.007344	0.017113	-0.008373
0.172500	-5.492256	10.152227	-0.055177	-0.007022	0.009542	-0.006601
0.172600	-3.021837	3.614448	-0.096234	-0.003800	0.003420	-0.006118
0.172700	-3.913174	-0.192867	0.022298	-0.004766	-0.000124	-0.000641
0.172800	-2.682483	-3.634677	0.002924	-0.003155	-0.003346	-0.000318
0.172900	-1.488287	-8.463253	-0.040676	-0.001544	-0.007857	-0.000802
0.173000	0.964175	-15.691578	-0.065962	0.001678	-0.014623	0.000487
0.173100	-1.663208	-20.217973	0.055128	-0.001383	-0.018811	0.005481
0.173200	-1.999699	-22.987863	0.083575	-0.001706	-0.021389	0.007092
0.173300	3.015342	-28.125808	-0.195353	0.004577	-0.026222	-0.001929
0.173400	3.968184	-32.090492	-0.210580	0.005866	-0.029927	-0.001446
0.173500	5.281638	-32.405741	-0.113173	0.007477	-0.030249	0.003387
0.173600	6.202562	-37.583703	-0.148203	0.008766	-0.035082	0.003226
0.173700	2.312916	-39.878162	0.005917	0.004094	-0.037177	0.008703
0.173800	5.037218	-41.747593	-0.091740	0.007477	-0.038949	0.005964
0.173900	9.190313	-44.609508	0.034042	0.012632	-0.041687	0.013697
0.174000	4.323821	-43.817692	0.073462	0.006672	-0.040882	0.013214
0.174100	8.345641	-36.497388	-0.004457	0.011343	-0.034116	0.010153
0.174200	10.180848	-37.128689	0.305804	0.013599	-0.034760	0.024491
0.174300	12.164269	-41.980673	-0.091179	0.016176	-0.039271	0.009025
0.174400	7.827677	-36.144264	0.147032	0.010699	-0.033794	0.016436
0.174500	7.415720	-36.688393	-0.037156	0.010216	-0.034277	0.008381
0.174600	13.572974	-28.613995	0.164820	0.017465	-0.026866	0.018208
0.174700	11.605037	-28.119180	0.234339	0.015049	-0.026383	0.020302
0.174800	13.189712	-23.081588	0.199891	0.016821	-0.021711	0.018530
0.174900	13.835429	-18.580841	0.135053	0.017465	-0.017523	0.015147
0.175000	11.740989	-17.775437	-0.123629	0.014888	-0.016717	0.002904
0.175100	12.013590	-17.561331	0.238874	0.015210	-0.016556	0.018691
0.175200	15.969871	-12.684229	-0.042234	0.019882	-0.012045	0.007253
0.175300	18.510249	-6.559822	0.256962	0.022781	-0.006407	0.020141
0.175400	12.125601	-3.200585	0.266445	0.014888	-0.003185	0.017241
0.175500	14.178131	4.601294	0.127923	0.017143	0.004064	0.010636
0.175600	11.086847	12.548562	0.519292	0.013115	0.011475	0.024813
0.175700	14.817246	13.803538	0.373368	0.017626	0.012603	0.019819
0.175800	9.046937	20.455539	0.350258	0.010377	0.018886	0.015147
0.175900	20.363691	28.795454	0.659491	0.023909	0.026457	0.031740
0.176000	15.914172	30.437897	0.494142	0.018432	0.028068	0.022396
0.176100	15.008602	31.128705	0.624831	0.017304	0.028712	0.027552
0.176200	19.635571	36.370915	0.428000	0.022781	0.033545	0.019980
0.176300	15.639314	35.096506	0.424038	0.017948	0.032418	0.018369
0.176400	17.096816	35.285901	0.358707	0.019721	0.032579	0.016114
0.176500	13.170325	41.648281	0.602652	0.014726	0.038539	0.023846
0.176600	18.643358	38.791990	0.578161	0.021493	0.035801	0.025618
0.176700	16.449048	40.812115	0.374014	0.018754	0.037734	0.015469
0.176800	19.193512	39.654793	0.472500	0.022137	0.036606	0.021108
0.176900	18.961815	35.847073	0.484293	0.021976	0.033062	0.022235
0.177000	21.224630	36.556599	0.305630	0.024715	0.033707	0.015308
0.177100	20.555837	36.210027	0.403523	0.023909	0.033384	0.019336
0.177200	20.943483	30.849216	0.354286	0.024553	0.028390	0.018369
0.177300	16.042855	25.253837	0.522508	0.018754	0.023235	0.024652
0.177400	16.953891	19.721712	0.407995	0.020043	0.018080	0.021108
0.177500	20.513441	14.414043	0.387723	0.024553	0.013086	0.022719
0.177600	21.739053	10.793828	0.315595	0.026164	0.009703	0.020785
0.177700	21.192935	5.075712	0.299874	0.025681	0.004387	0.020947
0.177800	17.007136	1.564429	0.440452	0.020687	0.001165	0.025941
0.177900	20.565254	-3.757237	0.282622	0.025198	-0.003829	0.021591
0.178000	20.329097	-7.737309	0.301147	0.025037	-0.007535	0.023041
0.178100	19.816382	-12.098922	0.012230	0.024553	-0.011562	0.011120
0.178200	19.190788	-15.887939	0.269493	0.023909	-0.015106	0.022719
0.178300	18.521801	-16.236402	0.348797	0.023104	-0.015428	0.025941
0.178400	19.851782	-20.898607	0.219122	0.024876	-0.019778	0.021752
0.178500	18.896839	-27.130211	0.320352	0.023909	-0.025578	0.026907
0.178600	17.889622	-30.265588	0.260803	0.022781	-0.028477	0.024491
0.178700	21.260764	-37.670311	0.058611	0.027131	-0.035405	0.018530
0.178800	14.468954	-39.831799	0.271154	0.018915	-0.037338	0.025296
0.178900	22.847683	-42.657788	0.092283	0.029225	-0.040076	0.021591
0.179000	18.861352	-43.577656	0.171521	0.024392	-0.040882	0.023524
0.179100	15.671452	-44.321722	0.154608	0.020526	-0.041526	0.021591
0.179200	18.533666	-46.003976	0.175353	0.024070	-0.043137	0.024007
0.179300	17.511404	-44.649173	0.049887	0.022781	-0.041848	0.017886
0.179400	17.374652	-44.825001	0.043019	0.022620	-0.042010	0.017564
0.179500	17.038933	-42.563821	0.219576	0.022137	-0.039915	0.024652
0.179600	14.316965	-40.542843	0.106025	0.018754	-0.037982	0.018208
0.179700	14.398838	-37.424984	0.137298	0.018754	-0.035082	0.019013
0.179800	13.563784	-33.984854	0.078502	0.017626	-0.031860	0.015469
0.179900	16.794098	-31.686965	0.060861	0.021493	-0.029766	0.015630
0.180000	15.696820	-28.230709	0.201650	0.020043	-0.026544	0.020624
0.180100	16.128411	-26.850919	0.095657	0.020526	-0.025255	0.015953
0.180200	11.589722	-23.631648	0.142399	0.014888	-0.022194	0.015469
0.180300	14.281175	-16.676426	0.083223	0.017948	-0.015751	0.012731
0.180400	11.606401	-12.906576	0.151454	0.014565	-0.012206	0.013858
0.180500	10.497379	-4.799136	0.108062	0.012954	-0.004635	0.009992
0.180600	12.839153	-1.128972	0.116114	0.015693	-0.001252	0.010636
0.180700	6.546961	5.709097	0.303272	0.007799	0.005192	0.014825
0.180800	9.520337	8.332257	0.122284	0.011343	0.007609	0.007737
0.180900	8.234651	14.714963	0.154909	0.009571	0.013569	0.007414
0.181000	6.115613	19.530939	0.218563	0.006833	0.018080	0.008381
0.181100	4.745410	22.641213	0.401382	0.005061	0.020980	0.015147
0.181200	8.078277	23.879332	0.151457	0.009088	0.022107	0.005481
0.181300	4.532843	29.711247	0.222175	0.004577	0.027585	0.005964
0.181400	3.806464	32.280227	0.084228	0.003611	0.030001	-0.000802
0.181500	1.005329	36.233330	0.273404	6.654401E-5	0.033707	0.005481
0.181600	2.510929	38.309149	0.041088	0.001839	0.035640	-0.004346
0.181700	2.456127	41.251937	0.072927	0.001678	0.038378	-0.003540
0.181800	0.879985	41.578772	0.130492	-0.000256	0.038701	-0.001768
0.181900	0.947317	44.168224	0.070424	-0.000256	0.041117	-0.004829
0.182000	3.016593	42.473063	0.087645	0.002322	0.039506	-0.002896
0.182100	-0.646783	43.804514	0.143758	-0.002189	0.040795	-0.002252
0.182200	4.051850	41.631535	0.155739	0.003611	0.038701	0.000648
0.182300	1.082562	39.305794	-0.141456	6.654401E-5	0.036606	-0.013045
0.182400	-1.866140	37.696323	-0.201614	-0.003478	0.035156	-0.016589
0.182500	-2.184132	35.622274	-0.136889	-0.003800	0.033223	-0.013528
0.182600	-0.404383	27.880321	-0.005502	-0.001383	0.025974	-0.005635
0.182700	-1.273843	24.930608	0.038480	-0.002350	0.023235	-0.003540
0.182800	-4.996365	24.010124	0.070562	-0.006861	0.022430	-0.003540
0.182900	-1.410825	14.705501	-0.138207	-0.002189	0.013730	-0.009340
0.183000	-6.049307	14.116744	-0.103250	-0.007827	0.013247	-0.009662
0.183100	-9.542194	11.831576	0.080516	-0.012016	0.011153	-0.002735
0.183200	-2.439802	0.666647	-0.259564	-0.002994	0.000681	-0.012401
0.183300	-5.446373	-3.182276	-0.221067	-0.006538	-0.002863	-0.011273
0.183400	-5.824361	-7.516582	-0.262164	-0.006861	-0.006890	-0.012401
0.183500	-3.676588	-16.302653	-0.250354	-0.003961	-0.015106	-0.009340
0.183600	-6.296442	-20.497961	-0.276565	-0.007022	-0.018973	-0.010790
0.183700	-8.167462	-21.375466	-0.109857	-0.009277	-0.019778	-0.004185
0.183800	-5.497573	-30.345336	-0.286008	-0.005733	-0.028155	-0.009018
0.183900	-5.007183	-36.764025	-0.548940	-0.004928	-0.034116	-0.019006
0.184000	-9.181703	-39.907527	-0.195040	-0.009922	-0.037016	-0.004829
0.184100	-12.236941	-35.472688	-0.332089	-0.013788	-0.032827	-0.012884
0.184200	-7.656173	-42.145375	-0.327275	-0.007988	-0.039110	-0.009501
0.184300	-5.304162	-43.141148	-0.280037	-0.005089	-0.040076	-0.006279
0.184400	-15.847074	-47.275017	-0.169762	-0.017815	-0.043782	-0.005151
0.184500	-15.601261	-42.943051	-0.131110	-0.017654	-0.039754	-0.004185
0.184600	-8.326434	-47.529826	-0.444413	-0.008633	-0.044104	-0.013851
0.184700	-12.355244	-45.128912	-0.019633	-0.013627	-0.041848	0.002420
0.184800	-15.138446	-45.380297	-0.357975	-0.017010	-0.042010	-0.013367
0.184900	-9.552859	-43.917555	-0.450359	-0.010244	-0.040721	-0.015300
0.185000	-10.813845	-41.673136	-0.294643	-0.011855	-0.038626	-0.009501
0.185100	-12.395104	-41.525084	-0.293550	-0.013788	-0.038465	-0.010145
0.185200	-16.970638	-39.695984	-0.304494	-0.019426	-0.036693	-0.012884
0.185300	-9.516558	-37.509176	-0.370966	-0.010405	-0.034760	-0.013045
0.185400	-16.822130	-28.971976	-0.326453	-0.019587	-0.026705	-0.015784
0.185500	-12.663944	-26.503132	-0.508437	-0.014593	-0.024450	-0.022389
0.185600	-16.597330	-25.360442	-0.565735	-0.019426	-0.023322	-0.026738
0.185700	-12.503846	-20.431821	-0.361087	-0.014593	-0.018811	-0.017073
0.185800	-18.633453	-12.392887	-0.296672	-0.022326	-0.011240	-0.018361
0.185900	-12.654408	-6.058354	-0.167392	-0.015238	-0.005440	-0.011434
0.186000	-13.844608	-1.061965	-0.175136	-0.016849	-0.000768	-0.013206
0.186100	-14.247760	-1.262523	-0.383939	-0.017332	-0.000930	-0.022389
0.186200	-17.469040	6.832438	-0.221095	-0.021521	0.006642	-0.018200
0.186300	-11.948258	15.906175	-0.298520	-0.015077	0.015019	-0.020939
0.186400	-14.453859	21.070049	-0.155285	-0.018299	0.019852	-0.016750
0.186500	-14.233532	19.356877	-0.027318	-0.017976	0.018241	-0.010790
0.186600	-17.681106	23.954399	-0.204460	-0.022326	0.022591	-0.020778
0.186700	-17.582706	27.748808	-0.326515	-0.022326	0.026135	-0.026738
0.186800	-16.018864	31.939011	-0.186033	-0.020554	0.030001	-0.020778
0.186900	-8.950842	29.455131	-0.198351	-0.011855	0.027585	-0.017878
0.187000	-13.213631	33.049512	0.092630	-0.017171	0.030968	-0.007729
0.187100	-14.618150	39.946558	0.098898	-0.019104	0.037412	-0.009340
0.187200	-19.828880	32.740471	-0.216271	-0.025226	0.030807	-0.023839
0.187300	-13.802432	35.931113	-0.394650	-0.017976	0.033707	-0.029638
0.187400	-15.681406	34.718359	-0.121535	-0.020232	0.032579	-0.018361
0.187500	-11.134723	31.834715	-0.270966	-0.014593	0.029840	-0.022389
0.187600	-16.059162	30.386324	-0.140326	-0.020554	0.028551	-0.018522
0.187700	-17.868277	26.892956	-0.193655	-0.022648	0.025329	-0.020939
0.187800	-16.718918	25.362088	-0.118497	-0.021198	0.023880	-0.016911
0.187900	-13.537320	25.767501	-0.028638	-0.017332	0.024202	-0.011756
0.188000	-13.364806	22.299402	-0.141937	-0.017010	0.020980	-0.015945
0.188100	-14.286270	17.425059	-0.306466	-0.017976	0.016469	-0.022550
0.188200	-9.660744	17.500918	-0.280335	-0.012338	0.016469	-0.019489
0.188300	-9.808865	11.804198	-0.147443	-0.012338	0.011153	-0.012723
0.188400	-12.701489	7.264422	-0.116753	-0.015721	0.006964	-0.011756
0.188500	-12.490856	0.175473	-0.123435	-0.015238	0.000359	-0.010629
0.188600	-13.505202	-3.158358	-0.432779	-0.016365	-0.002702	-0.023839
0.188700	-12.023477	-7.240638	0.014642	-0.014432	-0.006568	-0.003057
0.188800	-10.487169	-14.139127	-0.026358	-0.012338	-0.013012	-0.002896
0.188900	-10.576170	-17.455441	-0.307426	-0.012338	-0.016073	-0.014495
0.189000	-9.346213	-20.904439	-0.397438	-0.010727	-0.019295	-0.017234
0.189100	-7.518058	-16.709933	-0.255781	-0.008633	-0.015428	-0.011112
0.189200	-8.081127	-28.132264	-0.232826	-0.008955	-0.026061	-0.008212
0.189300	-6.421333	-30.347343	-0.161855	-0.006861	-0.028155	-0.004024
0.189400	-10.012221	-31.270783	-0.179376	-0.011210	-0.028961	-0.006118
0.189500	-6.594039	-31.904641	-0.140901	-0.007022	-0.029605	-0.002896
0.189600	-8.854173	-32.459216	-0.139987	-0.009760	-0.030088	-0.003701
0.189700	-9.428098	-34.198157	-0.141947	-0.010405	-0.031699	-0.003701
0.189800	-2.273936	-33.393717	-0.148311	-0.001706	-0.031055	-0.001124
0.189900	-2.302902	-34.449396	-0.319839	-0.001706	-0.032021	-0.008373
0.190000	-2.689658	-34.103389	-0.258848	-0.002189	-0.031699	-0.005957
0.190100	-5.040779	-33.098915	-0.220578	-0.005089	-0.030733	-0.005474
0.190200	-3.396223	-30.825705	-0.234112	-0.003155	-0.028638	-0.005796
0.190300	-4.527044	-28.598617	-0.269274	-0.004605	-0.026544	-0.008212
0.190400	0.017497	-26.608411	-0.115151	0.000872	-0.024772	3.826611E-6
0.190500	-0.980840	-24.375956	-0.118124	-0.000417	-0.022678	-0.000963
0.190600	-2.849836	-20.081436	-0.118611	-0.002833	-0.018650	-0.002574
0.190700	-1.072370	-17.798699	-0.059061	-0.000739	-0.016556	0.000326
0.190800	-0.365961	-11.030886	0.048843	-9.455420E-5	-0.010273	0.004031
0.190900	-0.011124	-12.590171	-0.031952	0.000389	-0.011723	0.000970
0.191000	1.067421	-6.697529	-0.083815	0.001516	-0.006246	-0.001929
0.191100	-1.104987	-3.948272	0.075482	-0.001222	-0.003668	0.003548
0.191200	-3.356897	0.858555	0.069770	-0.004122	0.000843	0.001454
0.191300	5.636248	6.349592	-0.060503	0.006672	0.005837	-0.001446
0.191400	0.174340	9.572152	0.162440	-9.455420E-5	0.008897	0.005320
0.191500	-0.745926	14.756545	0.260672	-0.001383	0.013730	0.008220
0.191600	1.681989	16.691525	0.200921	0.001516	0.015502	0.006287
0.191700	-0.753326	19.578947	0.058608	-0.001544	0.018241	-0.001446
0.191800	0.515522	22.563674	0.297080	-9.455420E-5	0.020980	0.008864
0.191900	3.076154	24.506291	0.291824	0.002966	0.022752	0.009348
0.192000	3.362923	25.373870	0.274215	0.003289	0.023557	0.008542
0.192100	3.744329	24.846810	0.134447	0.003772	0.023074	0.002742
0.192200	6.368567	24.190209	0.072736	0.006994	0.022430	0.001293
0.192300	3.601052	29.373235	0.445297	0.003450	0.027263	0.015308
0.192400	6.880394	28.543121	0.276144	0.007477	0.026457	0.009509
0.192500	8.984504	23.194955	0.083971	0.010216	0.021463	0.003065
0.192600	4.775241	23.834064	0.220426	0.005061	0.022107	0.007092
0.192700	7.435202	24.556663	0.108585	0.008283	0.022752	0.003226
0.192800	4.908577	23.847753	0.334405	0.005222	0.022107	0.012086
0.192900	8.289335	21.818050	0.259427	0.009410	0.020174	0.010636
0.193000	10.458172	18.905141	0.192370	0.012149	0.017436	0.009186
0.193100	12.370961	16.326205	0.047475	0.014565	0.015019	0.004192
0.193200	8.707856	12.636799	0.055857	0.010216	0.011636	0.003709
0.193300	10.504054	10.594143	0.100237	0.012471	0.009703	0.006770
0.193400	8.732982	8.502673	0.219845	0.010377	0.007770	0.011603
0.193500	8.944079	1.418264	0.257777	0.010860	0.001165	0.014664
0.193600	12.615835	0.426223	0.136152	0.015371	0.000198	0.011120
0.193700	9.386913	-6.881553	0.213877	0.011666	-0.006568	0.014503
0.193800	5.348347	-9.728321	0.062298	0.006833	-0.009146	0.006770
0.193900	11.081193	-12.753042	0.041994	0.013921	-0.012045	0.008864
0.194000	13.802041	-19.808494	-0.026026	0.017465	-0.018650	0.008381
0.194100	8.769985	-20.246672	-0.150132	0.011343	-0.018973	0.000970
0.194200	14.240336	-23.257915	0.003125	0.018110	-0.021872	0.010475
0.194300	8.195350	-22.121272	0.215263	0.010699	-0.020745	0.016919
0.194400	11.462703	-28.478331	0.126386	0.014888	-0.026705	0.015630
0.194500	11.026574	-30.031231	0.231675	0.014404	-0.028155	0.020302
0.194600	12.271033	-32.952199	0.229286	0.016015	-0.030894	0.021269
0.194700	13.562469	-33.997715	-0.047903	0.017626	-0.031860	0.009992
0.194800	9.445432	-34.905549	0.170165	0.012632	-0.032666	0.017886
0.194900	14.315727	-35.531444	0.060812	0.018593	-0.033310	0.015308
0.195000	13.769067	-36.231351	0.066798	0.017948	-0.033955	0.015469
0.195100	11.182677	-34.174743	0.282857	0.014726	-0.032021	0.023363
0.195200	13.031858	-29.130957	0.268172	0.016821	-0.027350	0.022558
0.195300	8.379454	-35.265573	0.197518	0.011343	-0.032988	0.018691
0.195400	12.813077	-27.402653	0.288916	0.016499	-0.025739	0.023041
0.195500	11.759785	-27.252428	0.229155	0.015210	-0.025578	0.019980
0.195600	10.840963	-21.925189	0.030671	0.013921	-0.020584	0.009992
0.195700	17.029868	-22.687170	0.078915	0.021493	-0.021389	0.014825
0.195800	5.754453	-14.393669	0.045621	0.007477	-0.013495	0.007092
0.195900	12.701269	-16.515135	0.214438	0.016015	-0.015589	0.017725
0.196000	12.123270	-18.422646	0.256386	0.015371	-0.017362	0.019658
0.196100	11.735986	-12.929581	-0.095191	0.014726	-0.012206	0.003226
0.196200	8.210984	-1.359405	0.271449	0.010055	-0.001413	0.015469
0.196300	8.842547	2.616718	0.152448	0.010699	0.002292	0.009831
0.196400	5.580042	4.126408	0.198016	0.006672	0.003742	0.010153
0.196500	11.792885	9.394432	0.008232	0.014082	0.008575	0.003548
0.196600	12.195070	14.609038	0.197846	0.014404	0.013408	0.010958
0.196700	8.699786	12.300415	0.151110	0.010216	0.011314	0.007898
0.196800	5.253757	21.936575	0.196434	0.005705	0.020335	0.006609
0.196900	6.489218	23.693649	0.273828	0.007155	0.021946	0.010153
0.197000	8.720577	28.217940	0.193730	0.009732	0.026135	0.006770
0.197100	10.278877	27.201694	0.163089	0.011666	0.025168	0.006287
0.197200	6.360651	28.878844	0.256615	0.006833	0.026779	0.008381
0.197300	12.884191	30.868594	0.097959	0.014726	0.028551	0.003870
0.197400	6.406376	30.613342	0.297122	0.006833	0.028390	0.009831
0.197500	5.534479	32.663301	0.180639	0.005705	0.030323	0.004031
0.197600	5.912352	31.972967	0.136828	0.006188	0.029679	0.002420
0.197700	8.445526	32.874657	0.105037	0.009249	0.030485	0.001937
0.197800	5.405010	32.687441	0.438437	0.005544	0.030323	0.015147
0.197900	5.060540	29.710773	0.135297	0.005222	0.027585	0.002420
0.198000	3.824732	27.950294	0.024444	0.003772	0.025974	-0.002574
0.198100	6.427442	26.439495	0.070743	0.006994	0.024524	0.000809
0.198200	6.492247	23.852005	0.129539	0.007155	0.022107	0.003870
0.198300	2.715312	20.854587	0.156883	0.002644	0.019369	0.004031
0.198400	2.921213	18.614142	0.204663	0.002966	0.017275	0.006609
0.198500	0.237056	17.011243	0.167987	-0.000256	0.015825	0.004192
0.198600	3.704304	8.226255	-0.015089	0.004255	0.007609	-0.000641
0.198700	1.500247	9.764882	0.150428	0.001516	0.009059	0.005320
0.198800	6.097039	3.763826	-0.046418	0.007316	0.003420	-0.000157
0.198900	1.929274	0.943846	0.085826	0.002322	0.000843	0.004353
0.199000	2.584610	-4.250902	-0.073066	0.003289	-0.003990	-0.001285
0.199100	-3.696069	-7.089792	0.202210	-0.004283	-0.006568	0.008542
0.199200	4.613087	-12.527174	-0.132225	0.006027	-0.011723	-0.001446
0.199300	2.774219	-17.212636	0.002838	0.003933	-0.016073	0.004515
0.199400	3.497775	-19.809231	-0.130613	0.004899	-0.018489	-0.000479
0.199500	-2.137998	-23.178823	-0.072005	-0.001867	-0.021550	0.000326
0.199600	-1.945671	-25.938217	-0.022620	-0.001544	-0.024128	0.003065
0.199700	1.969487	-27.774101	0.024424	0.003289	-0.025900	0.007092
0.199800	0.496477	-28.501361	-0.094529	0.001516	-0.026544	0.001454
0.199900	-1.731466	-32.863514	-0.121542	-0.001061	-0.030572	0.000165
